 ##Z-score and correlation:: Koken_MLBA_o2  binsize:     0.001000
    0.100     0.000658101     0.047072     0.047061      4896818 
    0.200     0.000151193     0.010790     0.010774      4165591 
    0.300     0.000119952     0.008522     0.008524      4140099 
    0.400     0.000103175     0.007378     0.007377      4076810 
    0.500     0.000090745     0.006521     0.006517      4023806 
    0.600     0.000077912     0.005541     0.005567      4021840 
    0.700     0.000058896     0.004213     0.004210      4016944 
    0.800     0.000056825     0.004077     0.004061      3980826 
    0.900     0.000050368     0.003633     0.003613      3957550 
    1.000     0.000047486     0.003433     0.003391      3975872 
    1.100     0.000033995     0.002444     0.002427      3955118 
    1.200     0.000026974     0.001927     0.001922      3969300 
    1.300     0.000031976     0.002274     0.002264      3951968 
    1.400     0.000053504     0.003823     0.003806      3906821 
    1.500     0.000026156     0.001878     0.001872      3901229 
    1.600     0.000058046     0.004172     0.004156      3899338 
    1.700     0.000032138     0.002298     0.002300      3881742 
    1.800     0.000046723     0.003352     0.003350      3858718 
    1.900     0.000050989     0.003641     0.003655      3855307 
    2.000     0.000062968     0.004486     0.004493      3857987 
    2.100     0.000055618     0.003976     0.003987      3847815 
    2.200     0.000056142     0.004031     0.004032      3836326 
    2.300     0.000072610     0.005160     0.005165      3827791 
    2.400     0.000052633     0.003756     0.003759      3805064 
    2.500     0.000082624     0.005840     0.005863      3812833 
    2.600     0.000050333     0.003581     0.003592      3814242 
    2.700     0.000050831     0.003622     0.003623      3799490 
    2.800     0.000041268     0.002947     0.002951      3803783 
    2.900     0.000056515     0.004029     0.004034      3790255 
    3.000     0.000033653     0.002403     0.002403      3785213 
    3.100     0.000030007     0.002139     0.002138      3755407 
    3.200     0.000046719     0.003337     0.003333      3788336 
    3.300     0.000063902     0.004576     0.004566      3786119 
    3.400     0.000044057     0.003160     0.003149      3756500 
    3.500     0.000047580     0.003407     0.003399      3757168 
    3.600     0.000032175     0.002315     0.002303      3754455 
    3.700     0.000042990     0.003105     0.003091      3722068 
    3.800     0.000039151     0.002807     0.002809      3715758 
    3.900     0.000029810     0.002132     0.002132      3711584 
    4.000     0.000041965     0.002997     0.002998      3693978 
    4.100     0.000017857     0.001266     0.001270      3692815 
    4.200     0.000040384     0.002867     0.002861      3701047 
    4.300     0.000051925     0.003705     0.003687      3703157 
    4.400     0.000017149     0.001224     0.001223      3698499 
    4.500     0.000057679     0.004148     0.004114      3711246 
    4.600     0.000057480     0.004121     0.004110      3678428 
    4.700     0.000060319     0.004313     0.004292      3705339 
    4.800     0.000042552     0.003046     0.003032      3717023 
    4.900     0.000036478     0.002605     0.002608      3703739 
    5.000     0.000037539     0.002671     0.002671      3710752 
    5.100    -0.000014389    -0.001029    -0.001024      3693176 
    5.200     0.000049790     0.003565     0.003533      3701651 
    5.300     0.000019675     0.001403     0.001397      3673023 
    5.400     0.000052604     0.003744     0.003729      3711077 
    5.500     0.000034839     0.002501     0.002489      3690108 
    5.600     0.000039167     0.002799     0.002786      3685539 
    5.700     0.000028772     0.002043     0.002041      3682563 
    5.800     0.000018901     0.001357     0.001349      3638448 
    5.900     0.000029729     0.002139     0.002125      3673835 
    6.000     0.000043249     0.003067     0.003061      3681550 
    6.100     0.000054728     0.003907     0.003883      3688698 
    6.200    -0.000003501    -0.000251    -0.000251      3701736 
    6.300     0.000045904     0.003287     0.003287      3698353 
    6.400     0.000043210     0.003104     0.003096      3681211 
    6.500     0.000014423     0.001025     0.001025      3675022 
    6.600     0.000036690     0.002649     0.002628      3687320 
    6.700     0.000037963     0.002719     0.002712      3628163 
    6.800     0.000024153     0.001712     0.001720      3643339 
    6.900     0.000015310     0.001088     0.001093      3628085 
    7.000    -0.000012864    -0.000918    -0.000920      3680469 
    7.100     0.000015000     0.001068     0.001067      3656244 
    7.200     0.000015416     0.001100     0.001097      3706466 
    7.300     0.000038530     0.002734     0.002729      3657248 
    7.400     0.000026900     0.001932     0.001924      3669074 
    7.500    -0.000019775    -0.001420    -0.001410      3664703 
    7.600    -0.000003584    -0.000256    -0.000254      3633610 
    7.700     0.000019830     0.001426     0.001414      3637742 
    7.800     0.000034437     0.002448     0.002436      3672012 
    7.900     0.000039202     0.002784     0.002781      3632782 
    8.000     0.000037375     0.002633     0.002636      3667174 
    8.100     0.000040802     0.002886     0.002879      3651798 
    8.200     0.000048815     0.003473     0.003456      3658032 
    8.300     0.000023686     0.001686     0.001683      3647861 
    8.400     0.000039892     0.002832     0.002836      3662580 
    8.500     0.000031751     0.002256     0.002247      3652726 
    8.600     0.000034996     0.002473     0.002460      3646480 
    8.700     0.000018850     0.001343     0.001330      3614071 
    8.800     0.000055730     0.003974     0.003941      3640305 
    8.900     0.000057940     0.004164     0.004124      3642313 
    9.000     0.000047831     0.003414     0.003408      3631636 
    9.100     0.000035498     0.002534     0.002534      3633332 
    9.200     0.000040425     0.002857     0.002872      3612641 
    9.300     0.000020033     0.001429     0.001431      3631914 
    9.400     0.000052806     0.003747     0.003734      3633481 
    9.500     0.000070959     0.005037     0.005019      3605072 
    9.600     0.000027057     0.001930     0.001924      3631135 
    9.700     0.000038966     0.002792     0.002770      3617192 
    9.800    -0.000009699    -0.000691    -0.000688      3598982 
    9.900     0.000014989     0.001068     0.001066      3615332 
   10.000     0.000047535     0.003370     0.003361      3604199 
   10.100     0.000052886     0.003769     0.003754      3614406 
   10.200     0.000025640     0.001807     0.001808      3599099 
   10.300     0.000067955     0.004833     0.004790      3613028 
   10.400     0.000046548     0.003336     0.003316      3591253 
   10.500     0.000043411     0.003094     0.003080      3575940 
   10.600     0.000005033     0.000360     0.000357      3599548 
   10.700     0.000016536     0.001190     0.001179      3573557 
   10.800     0.000056531     0.004059     0.004036      3572955 
   10.900     0.000012200     0.000872     0.000867      3571322 
   11.000     0.000014334     0.001015     0.001018      3574471 
   11.100    -0.000005225    -0.000372    -0.000372      3553566 
   11.200    -0.000002613    -0.000186    -0.000186      3553104 
   11.300     0.000057024     0.004031     0.004019      3564489 
   11.400     0.000025803     0.001835     0.001829      3570666 
   11.500    -0.000001179    -0.000084    -0.000084      3585475 
   11.600     0.000050513     0.003587     0.003567      3582456 
   11.700     0.000024748     0.001758     0.001754      3556654 
   11.800     0.000006497     0.000461     0.000461      3520744 
   11.900    -0.000005934    -0.000424    -0.000424      3570799 
   12.000     0.000032410     0.002303     0.002302      3568275 
   12.100     0.000027209     0.001937     0.001940      3545462 
   12.200     0.000025170     0.001780     0.001780      3595741 
   12.300     0.000028751     0.002052     0.002049      3563150 
   12.400     0.000043689     0.003144     0.003133      3569607 
   12.500     0.000063534     0.004582     0.004535      3574799 
   12.600     0.000035471     0.002530     0.002513      3570467 
   12.700     0.000056615     0.004094     0.004046      3561673 
   12.800     0.000058203     0.004196     0.004144      3537358 
   12.900     0.000069164     0.004984     0.004938      3548627 
   13.000     0.000037330     0.002686     0.002653      3505268 
   13.100     0.000021346     0.001530     0.001518      3525029 
   13.200     0.000015092     0.001077     0.001074      3512653 
   13.300     0.000038954     0.002789     0.002783      3525445 
   13.400     0.000024468     0.001755     0.001753      3505127 
   13.500     0.000020325     0.001450     0.001446      3507726 
   13.600     0.000040418     0.002912     0.002894      3513560 
   13.700     0.000036993     0.002653     0.002639      3509248 
   13.800     0.000033032     0.002373     0.002368      3511290 
   13.900     0.000046003     0.003266     0.003256      3484817 
   14.000    -0.000000158    -0.000011    -0.000011      3505975 
   14.100     0.000047745     0.003396     0.003381      3492753 
   14.200     0.000036055     0.002597     0.002576      3494587 
   14.300     0.000051793     0.003675     0.003667      3511242 
   14.400     0.000014665     0.001045     0.001035      3504785 
   14.500     0.000032247     0.002291     0.002281      3479166 
   14.600     0.000012260     0.000875     0.000874      3481510 
   14.700     0.000031574     0.002252     0.002249      3477021 
   14.800     0.000028261     0.001995     0.001999      3475864 
   14.900     0.000048731     0.003454     0.003446      3479114 
   15.000     0.000036801     0.002633     0.002611      3476287 
   15.100     0.000009634     0.000689     0.000682      3464934 
   15.200     0.000038792     0.002753     0.002746      3479994 
   15.300     0.000030142     0.002155     0.002142      3499357 
   15.400     0.000019862     0.001410     0.001405      3497765 
   15.500     0.000026717     0.001901     0.001895      3477151 
   15.600     0.000026322     0.001873     0.001865      3482072 
   15.700     0.000040679     0.002895     0.002879      3457549 
   15.800     0.000049669     0.003514     0.003505      3455278 
   15.900     0.000027478     0.001955     0.001943      3480224 
   16.000    -0.000002223    -0.000159    -0.000158      3471054 
   16.100     0.000024118     0.001702     0.001713      3503490 
   16.200     0.000039842     0.002834     0.002841      3489406 
   16.300     0.000046663     0.003332     0.003324      3465509 
   16.400     0.000016471     0.001172     0.001171      3488625 
   16.500     0.000028796     0.002035     0.002038      3488550 
   16.600     0.000041225     0.002922     0.002913      3470650 
   16.700     0.000023896     0.001694     0.001691      3472032 
   16.800     0.000044321     0.003156     0.003134      3491064 
   16.900     0.000016421     0.001173     0.001170      3458993 
   17.000     0.000018940     0.001347     0.001342      3483296 
   17.100    -0.000007903    -0.000559    -0.000561      3536950 
   17.200     0.000005597     0.000398     0.000397      3499543 
   17.300    -0.000016213    -0.001154    -0.001152      3480600 
   17.400     0.000046488     0.003307     0.003302      3454455 
   17.500     0.000024240     0.001727     0.001725      3463781 
   17.600     0.000039417     0.002826     0.002816      3430160 
   17.700     0.000016275     0.001158     0.001158      3461456 
   17.800    -0.000005010    -0.000356    -0.000356      3475346 
   17.900    -0.000003046    -0.000217    -0.000216      3482349 
   18.000     0.000032322     0.002292     0.002295      3453213 
   18.100     0.000019627     0.001401     0.001399      3440578 
   18.200     0.000017594     0.001249     0.001250      3466880 
   18.300     0.000020425     0.001443     0.001447      3479159 
   18.400     0.000009249     0.000660     0.000656      3476451 
   18.500     0.000030161     0.002164     0.002153      3465708 
   18.600     0.000025261     0.001792     0.001794      3435363 
   18.700    -0.000007274    -0.000520    -0.000519      3461255 
   18.800    -0.000000248    -0.000018    -0.000018      3473889 
   18.900     0.000009376     0.000667     0.000664      3454089 
   19.000     0.000031443     0.002254     0.002239      3447871 
   19.100     0.000045443     0.003241     0.003219      3444732 
   19.200     0.000035835     0.002548     0.002534      3442894 
   19.300     0.000016290     0.001164     0.001155      3446967 
   19.400     0.000016449     0.001168     0.001166      3464867 
   19.500     0.000025369     0.001787     0.001790      3469044 
   19.600     0.000011739     0.000827     0.000827      3426339 
   19.700     0.000020340     0.001443     0.001442      3458015 
   19.800     0.000059833     0.004286     0.004261      3459919 
   19.900     0.000026945     0.001893     0.001889      3442523 
   20.000     0.000048192     0.003428     0.003411      3427228 
   20.100     0.000002593     0.000184     0.000184      3431788 
   20.200    -0.000014218    -0.001011    -0.001002      3409712 
   20.300     0.000048668     0.003475     0.003450      3444946 
   20.400     0.000001667     0.000119     0.000118      3439769 
   20.500     0.000031309     0.002215     0.002209      3448040 
   20.600     0.000040780     0.002920     0.002893      3441117 
   20.700     0.000062985     0.004489     0.004475      3432035 
   20.800     0.000065991     0.004743     0.004706      3406456 
   20.900     0.000022110     0.001576     0.001565      3413491 
   21.000    -0.000006812    -0.000485    -0.000484      3408410 
   21.100     0.000034684     0.002481     0.002459      3380467 
   21.200     0.000012547     0.000896     0.000891      3414070 
   21.300     0.000011407     0.000810     0.000809      3384993 
   21.400     0.000013028     0.000928     0.000927      3396341 
   21.500     0.000033557     0.002391     0.002378      3422332 
   21.600     0.000017764     0.001258     0.001259      3412862 
   21.700    -0.000005444    -0.000385    -0.000383      3390654 
   21.800     0.000017788     0.001259     0.001257      3405408 
   21.900     0.000048713     0.003446     0.003448      3395499 
   22.000     0.000016624     0.001181     0.001178      3380194 
   22.100     0.000035762     0.002504     0.002515      3361324 
   22.200     0.000025414     0.001793     0.001794      3370388 
   22.300     0.000017868     0.001262     0.001265      3382303 
   22.400     0.000008798     0.000625     0.000622      3401438 
   22.500    -0.000004004    -0.000281    -0.000281      3381368 
   22.600     0.000023782     0.001682     0.001671      3389009 
   22.700     0.000031872     0.002265     0.002259      3396205 
   22.800     0.000018364     0.001297     0.001296      3406750 
   22.900     0.000041202     0.002900     0.002912      3373381 
   23.000     0.000015250     0.001080     0.001084      3394919 
   23.100     0.000027014     0.001920     0.001914      3380374 
   23.200     0.000050025     0.003534     0.003531      3384311 
   23.300     0.000026129     0.001842     0.001853      3385423 
   23.400     0.000061283     0.004320     0.004321      3400803 
   23.500     0.000013797     0.000976     0.000976      3383132 
   23.600     0.000028693     0.002012     0.002024      3381856 
   23.700     0.000030768     0.002187     0.002186      3370584 
   23.800    -0.000003059    -0.000217    -0.000217      3362440 
   23.900     0.000028607     0.002009     0.002013      3369094 
   24.000     0.000035843     0.002543     0.002538      3350314 
   24.100     0.000005995     0.000425     0.000424      3353190 
   24.200     0.000006861     0.000482     0.000485      3351501 
   24.300     0.000036828     0.002597     0.002576      3359949 
   24.400     0.000012554     0.000893     0.000888      3383100 
   24.500     0.000014639     0.001033     0.001030      3368004 
   24.600     0.000031583     0.002257     0.002246      3384600 
   24.700     0.000016255     0.001148     0.001148      3380030 
   24.800     0.000025549     0.001816     0.001798      3368677 
   24.900     0.000016356     0.001164     0.001159      3357881 
   25.000     0.000037007     0.002631     0.002634      3346340 
   25.100     0.000032877     0.002345     0.002336      3355360 
   25.200     0.000002229     0.000159     0.000158      3350858 
   25.300     0.000033115     0.002337     0.002337      3360761 
   25.400     0.000015327     0.001087     0.001085      3356471 
   25.500     0.000003545     0.000251     0.000251      3340299 
   25.600     0.000013301     0.000943     0.000938      3330659 
   25.700     0.000034170     0.002442     0.002424      3317675 
   25.800     0.000030012     0.002142     0.002121      3340367 
   25.900     0.000050246     0.003585     0.003561      3315369 
   26.000     0.000015340     0.001086     0.001085      3323569 
   26.100     0.000031902     0.002269     0.002263      3312735 
   26.200     0.000032767     0.002327     0.002312      3319854 
   26.300     0.000021852     0.001552     0.001541      3292028 
   26.400     0.000029456     0.002101     0.002090      3304505 
   26.500     0.000061638     0.004377     0.004368      3316733 
   26.600     0.000033276     0.002362     0.002356      3314556 
   26.700     0.000012040     0.000856     0.000851      3284848 
   26.800     0.000003076     0.000217     0.000217      3271071 
   26.900     0.000022952     0.001635     0.001619      3283025 
   27.000     0.000017200     0.001222     0.001216      3277803 
   27.100     0.000027651     0.001959     0.001955      3255996 
   27.200     0.000009526     0.000680     0.000674      3277246 
   27.300     0.000012613     0.000895     0.000887      3262750 
   27.400     0.000019486     0.001381     0.001374      3278169 
   27.500     0.000034161     0.002412     0.002398      3257515 
   27.600    -0.000007397    -0.000519    -0.000520      3257846 
   27.700    -0.000000020    -0.000001    -0.000001      3268659 
   27.800     0.000007834     0.000552     0.000550      3257067 
   27.900    -0.000017353    -0.001212    -0.001210      3284897 
   28.000     0.000014613     0.001026     0.001031      3267674 
   28.100     0.000024351     0.001708     0.001712      3256037 
   28.200     0.000011816     0.000838     0.000834      3261447 
   28.300     0.000003559     0.000251     0.000249      3256402 
   28.400     0.000020075     0.001409     0.001402      3243048 
   28.500     0.000040234     0.002822     0.002816      3221866 
   28.600     0.000019738     0.001400     0.001392      3247561 
   28.700     0.000002350     0.000164     0.000165      3251790 
   28.800     0.000017148     0.001217     0.001207      3281685 
   28.900     0.000000188     0.000013     0.000013      3265971 
   29.000     0.000003311     0.000232     0.000231      3254618 
   29.100     0.000001302     0.000091     0.000091      3247481 
   29.200     0.000033543     0.002359     0.002346      3211639 
   29.300     0.000003968     0.000281     0.000277      3213984 
   29.400    -0.000027782    -0.001971    -0.001948      3266117 
   29.500    -0.000000036    -0.000003    -0.000003      3243682 
   29.600     0.000016353     0.001163     0.001151      3235618 
   29.700     0.000009930     0.000701     0.000699      3213131 
   29.800     0.000023178     0.001632     0.001635      3224855 
   29.900     0.000042520     0.002990     0.002987      3191611 
   30.000     0.000040137     0.002840     0.002828      3220697 
   30.100     0.000056386     0.003982     0.003986      3211956 
   30.200     0.000001709     0.000120     0.000120      3217714 
   30.300    -0.000007260    -0.000521    -0.000516      3262465 
   30.400     0.000017603     0.001245     0.001242      3230153 
   30.500     0.000016230     0.001152     0.001150      3206596 
   30.600     0.000032431     0.002294     0.002294      3224995 
   30.700     0.000008394     0.000602     0.000593      3234743 
   30.800     0.000004772     0.000338     0.000336      3213676 
   30.900    -0.000004110    -0.000291    -0.000290      3204055 
   31.000     0.000022143     0.001575     0.001554      3213291 
   31.100     0.000010334     0.000733     0.000729      3194488 
   31.200     0.000025716     0.001821     0.001819      3230820 
   31.300     0.000028625     0.002035     0.002026      3203040 
   31.400    -0.000010512    -0.000749    -0.000747      3200770 
   31.500     0.000024511     0.001738     0.001731      3183173 
   31.600     0.000018082     0.001276     0.001276      3190098 
   31.700     0.000001208     0.000086     0.000085      3160083 
   31.800     0.000007942     0.000564     0.000561      3158565 
   31.900    -0.000005641    -0.000401    -0.000399      3167739 
   32.000     0.000009085     0.000649     0.000644      3207087 
   32.100     0.000002836     0.000201     0.000201      3218151 
   32.200     0.000046594     0.003287     0.003273      3207638 
   32.300     0.000038209     0.002693     0.002681      3184652 
   32.400     0.000003234     0.000228     0.000228      3185620 
   32.500     0.000050678     0.003602     0.003576      3170090 
   32.600     0.000000465     0.000033     0.000033      3164287 
   32.700     0.000031140     0.002208     0.002195      3164995 
   32.800     0.000019292     0.001372     0.001359      3178500 
   32.900     0.000006182     0.000437     0.000437      3166980 
   33.000     0.000003011     0.000214     0.000213      3148296 
   33.100    -0.000001941    -0.000140    -0.000138      3122732 
   33.200     0.000030821     0.002183     0.002174      3135925 
   33.300    -0.000016162    -0.001159    -0.001149      3112724 
   33.400     0.000000643     0.000046     0.000045      3122670 
   33.500     0.000043358     0.003084     0.003058      3119866 
   33.600     0.000013127     0.000943     0.000927      3138929 
   33.700    -0.000006366    -0.000449    -0.000446      3117832 
   33.800     0.000025830     0.001837     0.001829      3129024 
   33.900    -0.000014729    -0.001041    -0.001033      3127898 
   34.000     0.000042120     0.002972     0.002956      3116304 
   34.100     0.000041528     0.002931     0.002911      3095856 
   34.200     0.000017830     0.001270     0.001265      3114115 
   34.300     0.000022589     0.001607     0.001589      3117621 
   34.400    -0.000009678    -0.000684    -0.000684      3125669 
   34.500     0.000020926     0.001482     0.001483      3110015 
   34.600     0.000032461     0.002304     0.002287      3090999 
   34.700     0.000018520     0.001307     0.001296      3103236 
   34.800     0.000031334     0.002215     0.002204      3093131 
   34.900     0.000031565     0.002223     0.002222      3104072 
   35.000    -0.000004901    -0.000350    -0.000347      3076308 
   35.100     0.000025650     0.001822     0.001819      3103221 
   35.200     0.000040392     0.002867     0.002855      3083911 
   35.300     0.000027665     0.001954     0.001960      3067364 
   35.400     0.000031130     0.002193     0.002194      3063854 
   35.500     0.000025948     0.001840     0.001824      3098114 
   35.600    -0.000006267    -0.000445    -0.000444      3094634 
   35.700     0.000015125     0.001072     0.001066      3087142 
   35.800     0.000009985     0.000710     0.000703      3051486 
   35.900     0.000018916     0.001337     0.001335      3092273 
   36.000    -0.000027604    -0.001959    -0.001942      3092617 
   36.100     0.000021970     0.001561     0.001549      3076862 
   36.200     0.000019037     0.001347     0.001341      3097520 
   36.300     0.000003678     0.000261     0.000260      3072761 
   36.400     0.000027447     0.001941     0.001934      3056367 
   36.500     0.000022082     0.001571     0.001562      3051742 
   36.600     0.000031033     0.002215     0.002192      3022994 
   36.700     0.000038971     0.002777     0.002760      3039507 
   36.800     0.000053253     0.003777     0.003778      3051293 
   36.900     0.000023569     0.001682     0.001664      3065437 
   37.000     0.000026133     0.001853     0.001843      3039317 
   37.100     0.000004247     0.000300     0.000300      3020407 
   37.200     0.000010266     0.000732     0.000729      3022300 
   37.300     0.000008721     0.000628     0.000620      3021464 
   37.400     0.000023144     0.001640     0.001635      3045669 
   37.500    -0.000002311    -0.000163    -0.000162      3024362 
   37.600     0.000015737     0.001119     0.001111      3017829 
   37.700     0.000012756     0.000915     0.000903      3064097 
   37.800     0.000021742     0.001543     0.001531      3036173 
   37.900     0.000029594     0.002098     0.002085      3062509 
   38.000     0.000059050     0.004190     0.004156      3039618 
   38.100     0.000011299     0.000792     0.000793      3038286 
   38.200    -0.000017854    -0.001269    -0.001266      3057257 
   38.300     0.000054238     0.003839     0.003829      3017230 
   38.400     0.000009095     0.000647     0.000642      3007580 
   38.500     0.000008302     0.000592     0.000590      3032819 
   38.600     0.000006115     0.000435     0.000435      3053946 
   38.700    -0.000000394    -0.000028    -0.000028      3042459 
   38.800     0.000043241     0.003044     0.003033      3032531 
   38.900     0.000016437     0.001159     0.001160      3040126 
   39.000     0.000005237     0.000369     0.000368      3035633 
   39.100     0.000004878     0.000343     0.000340      3035321 
   39.200    -0.000010909    -0.000776    -0.000769      3038811 
   39.300     0.000026512     0.001878     0.001865      3032444 
   39.400     0.000021571     0.001525     0.001515      3040507 
   39.500     0.000016383     0.001155     0.001152      3024854 
   39.600     0.000000700     0.000050     0.000049      3035544 
   39.700     0.000035452     0.002481     0.002484      3028621 
   39.800    -0.000004884    -0.000348    -0.000346      3018949 
   39.900    -0.000009993    -0.000703    -0.000703      3000240 
   40.000    -0.000003697    -0.000260    -0.000259      2985622 
   40.100     0.000007359     0.000513     0.000515      2986738 
   40.200    -0.000003451    -0.000246    -0.000245      2990568 
   40.300    -0.000005089    -0.000359    -0.000358      3001305 
   40.400    -0.000020416    -0.001425    -0.001428      3018384 
   40.500     0.000038734     0.002727     0.002701      2997692 
   40.600     0.000029256     0.002084     0.002057      2984103 
   40.700     0.000034924     0.002513     0.002461      2986833 
   40.800     0.000034015     0.002419     0.002401      2983751 
   40.900     0.000032746     0.002333     0.002308      2966650 
   41.000     0.000009951     0.000707     0.000697      2951758 
   41.100     0.000000047     0.000003     0.000003      2954267 
   41.200     0.000048578     0.003436     0.003411      2984915 
   41.300     0.000031749     0.002231     0.002229      2986216 
   41.400     0.000021662     0.001529     0.001531      2966109 
   41.500    -0.000024461    -0.001736    -0.001720      2963945 
   41.600    -0.000023447    -0.001667    -0.001657      2982314 
   41.700     0.000003942     0.000278     0.000276      2987124 
   41.800     0.000008632     0.000609     0.000607      2989025 
   41.900     0.000004379     0.000309     0.000309      2964291 
   42.000     0.000010428     0.000746     0.000738      2947327 
   42.100     0.000012025     0.000853     0.000847      2946902 
   42.200     0.000013281     0.000943     0.000942      2911555 
   42.300     0.000030590     0.002174     0.002166      2930333 
   42.400     0.000008780     0.000627     0.000624      2943708 
   42.500     0.000048801     0.003483     0.003468      2967363 
   42.600     0.000016892     0.001208     0.001202      2940426 
   42.700     0.000017139     0.001222     0.001215      2944456 
   42.800     0.000024887     0.001769     0.001759      2954040 
   42.900     0.000023134     0.001644     0.001627      2921533 
   43.000     0.000030564     0.002180     0.002173      2946985 
   43.100     0.000021822     0.001562     0.001552      2911577 
   43.200     0.000002668     0.000189     0.000188      2889229 
   43.300     0.000029043     0.002091     0.002077      2888920 
   43.400     0.000004526     0.000323     0.000321      2910579 
   43.500     0.000027391     0.001974     0.001946      2917153 
   43.600     0.000013221     0.000940     0.000934      2895583 
   43.700     0.000028737     0.002044     0.002023      2914495 
   43.800     0.000010456     0.000748     0.000740      2910159 
   43.900     0.000011746     0.000840     0.000830      2907084 
   44.000     0.000027365     0.001947     0.001923      2902676 
   44.100     0.000008014     0.000569     0.000565      2891682 
   44.200    -0.000004802    -0.000341    -0.000338      2875630 
   44.300    -0.000007155    -0.000512    -0.000507      2891292 
   44.400     0.000000679     0.000049     0.000048      2888556 
   44.500     0.000029086     0.002100     0.002067      2845007 
   44.600    -0.000015172    -0.001081    -0.001071      2848603 
   44.700    -0.000016590    -0.001186    -0.001167      2854952 
   44.800     0.000028213     0.002010     0.001987      2866802 
   44.900    -0.000039754    -0.002814    -0.002778      2863266 
   45.000     0.000035619     0.002494     0.002490      2856317 
   45.100    -0.000016764    -0.001187    -0.001179      2860262 
   45.200     0.000019738     0.001411     0.001395      2848047 
   45.300     0.000010922     0.000782     0.000769      2831741 
   45.400     0.000007923     0.000570     0.000562      2826145 
   45.500     0.000012262     0.000873     0.000862      2838094 
   45.600     0.000055249     0.003919     0.003882      2821323 
   45.700     0.000023787     0.001690     0.001680      2816375 
   45.800     0.000005560     0.000399     0.000394      2807124 
   45.900    -0.000020040    -0.001428    -0.001410      2856158 
   46.000    -0.000027352    -0.001952    -0.001930      2822600 
   46.100     0.000033002     0.002352     0.002322      2836328 
   46.200     0.000010256     0.000736     0.000725      2799947 
   46.300     0.000007771     0.000552     0.000551      2816144 
   46.400     0.000013061     0.000928     0.000922      2839522 
   46.500     0.000020188     0.001424     0.001423      2820989 
   46.600    -0.000000160    -0.000011    -0.000011      2804676 
   46.700     0.000022100     0.001560     0.001554      2818535 
   46.800     0.000016554     0.001182     0.001175      2818424 
   46.900     0.000003110     0.000221     0.000219      2798126 
   47.000     0.000000123     0.000009     0.000009      2788425 
   47.100     0.000055137     0.003913     0.003888      2796241 
   47.200     0.000016514     0.001176     0.001164      2786119 
   47.300     0.000032739     0.002329     0.002300      2754292 
   47.400     0.000010015     0.000712     0.000707      2783089 
   47.500    -0.000023938    -0.001690    -0.001688      2773864 
   47.600     0.000002453     0.000174     0.000173      2765592 
   47.700    -0.000015424    -0.001097    -0.001090      2768243 
   47.800    -0.000032509    -0.002307    -0.002295      2783732 
   47.900     0.000002329     0.000166     0.000164      2741807 
   48.000    -0.000006603    -0.000474    -0.000465      2757411 
   48.100     0.000019573     0.001396     0.001386      2764323 
   48.200     0.000012933     0.000927     0.000918      2758280 
   48.300     0.000027323     0.001918     0.001922      2761507 
   48.400     0.000012150     0.000865     0.000855      2733680 
   48.500     0.000043179     0.003071     0.003067      2736351 
   48.600     0.000025891     0.001859     0.001845      2742879 
   48.700     0.000022516     0.001601     0.001586      2728721 
   48.800     0.000027871     0.001975     0.001956      2727742 
   48.900     0.000033806     0.002404     0.002377      2730303 
   49.000     0.000048662     0.003489     0.003436      2740483 
   49.100     0.000018971     0.001359     0.001347      2715085 
   49.200     0.000021598     0.001526     0.001521      2716043 
   49.300     0.000001586     0.000113     0.000112      2699210 
   49.400     0.000036149     0.002585     0.002559      2703447 
   49.500     0.000022689     0.001594     0.001589      2726084 
   49.600     0.000030022     0.002124     0.002115      2756365 
   49.700    -0.000016697    -0.001188    -0.001179      2758421 
   49.800    -0.000030816    -0.002182    -0.002174      2713660 
   49.900    -0.000002775    -0.000196    -0.000196      2693084 
   50.000     0.000007139     0.000506     0.000505      2688618 
