 ##Z-score and correlation:: Zevakinskiy_LBA  binsize:     0.001000
    0.100     0.000655976     0.047241     0.047249     42072937 
    0.200     0.000197515     0.014189     0.014193     35734756 
    0.300     0.000111506     0.008043     0.008026     35506792 
    0.400     0.000081283     0.005906     0.005884     35127791 
    0.500     0.000074977     0.005456     0.005441     34668228 
    0.600     0.000074640     0.005385     0.005388     34604562 
    0.700     0.000067912     0.004895     0.004897     34533555 
    0.800     0.000082055     0.005937     0.005918     34218425 
    0.900     0.000057915     0.004197     0.004188     34064894 
    1.000     0.000053069     0.003849     0.003819     34181777 
    1.100     0.000063160     0.004589     0.004567     34002486 
    1.200     0.000050895     0.003686     0.003677     34062679 
    1.300     0.000050285     0.003609     0.003599     33860747 
    1.400     0.000042903     0.003112     0.003099     33582904 
    1.500     0.000048032     0.003481     0.003475     33503918 
    1.600     0.000045478     0.003301     0.003289     33550226 
    1.700     0.000039167     0.002840     0.002833     33334676 
    1.800     0.000050558     0.003646     0.003655     33201032 
    1.900     0.000050750     0.003651     0.003667     33236416 
    2.000     0.000043232     0.003121     0.003122     33143493 
    2.100     0.000033513     0.002431     0.002435     32968087 
    2.200     0.000035806     0.002589     0.002598     32949142 
    2.300     0.000037234     0.002674     0.002676     32947557 
    2.400     0.000036639     0.002641     0.002648     32669326 
    2.500     0.000033593     0.002405     0.002413     32768019 
    2.600     0.000034052     0.002457     0.002464     32778681 
    2.700     0.000031030     0.002233     0.002231     32658508 
    2.800     0.000038344     0.002758     0.002761     32711931 
    2.900     0.000048317     0.003487     0.003489     32572976 
    3.000     0.000043395     0.003130     0.003131     32586694 
    3.100     0.000044347     0.003190     0.003190     32313181 
    3.200     0.000040108     0.002894     0.002889     32546337 
    3.300     0.000026081     0.001879     0.001877     32553293 
    3.400     0.000031759     0.002298     0.002286     32300228 
    3.500     0.000030369     0.002192     0.002187     32342413 
    3.600     0.000042334     0.003078     0.003064     32242622 
    3.700     0.000030903     0.002243     0.002237     32069355 
    3.800     0.000019080     0.001383     0.001383     32022891 
    3.900     0.000015313     0.001107     0.001104     31915264 
    4.000     0.000032175     0.002326     0.002320     31823955 
    4.100     0.000040549     0.002918     0.002915     31837348 
    4.200     0.000024351     0.001755     0.001751     31821839 
    4.300     0.000018688     0.001343     0.001345     31866539 
    4.400     0.000027548     0.002000     0.001995     31873278 
    4.500     0.000035388     0.002547     0.002547     32001994 
    4.600     0.000023792     0.001714     0.001719     31662780 
    4.700     0.000046132     0.003333     0.003315     31817890 
    4.800     0.000042123     0.003039     0.003031     31939236 
    4.900     0.000028600     0.002054     0.002062     31865647 
    5.000     0.000022414     0.001609     0.001613     31909547 
    5.100     0.000016931     0.001218     0.001216     31773985 
    5.200     0.000023723     0.001712     0.001703     31920593 
    5.300     0.000019157     0.001379     0.001375     31641685 
    5.400     0.000024903     0.001790     0.001784     31951655 
    5.500     0.000025368     0.001844     0.001838     31791478 
    5.600     0.000011377     0.000820     0.000817     31741167 
    5.700     0.000020073     0.001444     0.001444     31652868 
    5.800     0.000015582     0.001120     0.001119     31334742 
    5.900     0.000012112     0.000872     0.000873     31639437 
    6.000     0.000021647     0.001553     0.001551     31721776 
    6.100     0.000017147     0.001239     0.001235     31747905 
    6.200     0.000027761     0.002001     0.002002     31880130 
    6.300     0.000014504     0.001043     0.001047     31893049 
    6.400     0.000007975     0.000576     0.000576     31722130 
    6.500     0.000023455     0.001680     0.001678     31691167 
    6.600     0.000019792     0.001427     0.001425     31789108 
    6.700     0.000027008     0.001948     0.001946     31313586 
    6.800     0.000015289     0.001098     0.001100     31348656 
    6.900     0.000013603     0.000980     0.000982     31238461 
    7.000     0.000020510     0.001476     0.001479     31614215 
    7.100     0.000006712     0.000483     0.000484     31460441 
    7.200     0.000001500     0.000108     0.000108     31865109 
    7.300     0.000024113     0.001733     0.001735     31461848 
    7.400     0.000020394     0.001471     0.001467     31510689 
    7.500     0.000012913     0.000938     0.000932     31545071 
    7.600     0.000024559     0.001766     0.001760     31308578 
    7.700     0.000013698     0.000987     0.000985     31309046 
    7.800     0.000023035     0.001651     0.001648     31442583 
    7.900     0.000023869     0.001722     0.001721     31168085 
    8.000     0.000024504     0.001760     0.001760     31457912 
    8.100     0.000020947     0.001503     0.001504     31351353 
    8.200     0.000016148     0.001159     0.001159     31408617 
    8.300     0.000019494     0.001400     0.001401     31359356 
    8.400     0.000008636     0.000621     0.000620     31500003 
    8.500     0.000016010     0.001152     0.001147     31393904 
    8.600     0.000025860     0.001851     0.001843     31403730 
    8.700     0.000014002     0.001004     0.000998     31146180 
    8.800     0.000018272     0.001318     0.001311     31333704 
    8.900     0.000018080     0.001302     0.001298     31330774 
    9.000     0.000015164     0.001094     0.001092     31298980 
    9.100     0.000026336     0.001896     0.001897     31232269 
    9.200     0.000019500     0.001400     0.001404     31073372 
    9.300     0.000020889     0.001503     0.001504     31235741 
    9.400     0.000017507     0.001256     0.001260     31274562 
    9.500     0.000007713     0.000553     0.000552     31063343 
    9.600     0.000008961     0.000647     0.000646     31225958 
    9.700     0.000003911     0.000284     0.000282     31150936 
    9.800    -0.000004369    -0.000314    -0.000313     31004018 
    9.900     0.000005160     0.000372     0.000371     31155139 
   10.000    -0.000004738    -0.000340    -0.000340     30963077 
   10.100     0.000010577     0.000757     0.000756     31072579 
   10.200     0.000013638     0.000976     0.000976     31003946 
   10.300     0.000012282     0.000882     0.000878     31034618 
   10.400     0.000017232     0.001243     0.001237     30882132 
   10.500     0.000011967     0.000861     0.000860     30728619 
   10.600     0.000002832     0.000205     0.000204     30923426 
   10.700     0.000003965     0.000289     0.000286     30819075 
   10.800    -0.000005962    -0.000433    -0.000431     30758209 
   10.900     0.000000885     0.000064     0.000064     30751201 
   11.000     0.000008521     0.000613     0.000613     30756761 
   11.100     0.000003427     0.000247     0.000246     30634263 
   11.200     0.000013973     0.001006     0.001003     30532232 
   11.300     0.000016027     0.001150     0.001145     30713283 
   11.400     0.000003273     0.000235     0.000235     30759123 
   11.500     0.000015530     0.001114     0.001113     30836881 
   11.600     0.000025697     0.001842     0.001839     30800508 
   11.700     0.000019884     0.001429     0.001429     30638366 
   11.800     0.000014734     0.001062     0.001060     30388757 
   11.900     0.000014369     0.001044     0.001043     30728384 
   12.000     0.000017311     0.001249     0.001247     30650608 
   12.100     0.000004891     0.000353     0.000353     30556620 
   12.200     0.000008276     0.000596     0.000595     30911468 
   12.300     0.000009455     0.000682     0.000681     30599774 
   12.400     0.000006811     0.000493     0.000491     30661975 
   12.500     0.000007797     0.000567     0.000560     30763011 
   12.600     0.000016640     0.001205     0.001196     30735105 
   12.700     0.000013100     0.000952     0.000944     30542513 
   12.800     0.000025150     0.001825     0.001807     30481136 
   12.900     0.000023970     0.001731     0.001725     30588690 
   13.000     0.000025308     0.001825     0.001814     30159536 
   13.100     0.000000851     0.000061     0.000061     30323487 
   13.200     0.000011100     0.000803     0.000799     30297209 
   13.300     0.000012488     0.000905     0.000901     30345695 
   13.400     0.000023345     0.001688     0.001689     30230419 
   13.500     0.000022802     0.001640     0.001640     30195351 
   13.600     0.000013103     0.000950     0.000946     30202985 
   13.700     0.000011796     0.000855     0.000851     30208597 
   13.800     0.000015662     0.001130     0.001131     30256112 
   13.900     0.000017044     0.001221     0.001220     30008770 
   14.000     0.000022837     0.001634     0.001637     30179470 
   14.100     0.000019896     0.001431     0.001430     30082376 
   14.200     0.000018432     0.001330     0.001326     30096507 
   14.300     0.000014702     0.001061     0.001054     30152728 
   14.400     0.000015825     0.001143     0.001135     30119225 
   14.500    -0.000003198    -0.000230    -0.000229     29947326 
   14.600    -0.000005023    -0.000361    -0.000362     29912690 
   14.700     0.000011404     0.000822     0.000821     29924650 
   14.800     0.000005475     0.000392     0.000392     29881067 
   14.900     0.000011261     0.000808     0.000807     29910833 
   15.000     0.000008479     0.000610     0.000608     29864688 
   15.100     0.000004661     0.000337     0.000334     29894675 
   15.200     0.000013246     0.000954     0.000951     29895546 
   15.300     0.000011772     0.000852     0.000849     30058380 
   15.400     0.000002541     0.000183     0.000182     30018758 
   15.500     0.000005362     0.000386     0.000384     29943918 
   15.600     0.000019244     0.001386     0.001380     30038078 
   15.700    -0.000002378    -0.000171    -0.000170     29774672 
   15.800     0.000004698     0.000339     0.000337     29847373 
   15.900     0.000017222     0.001239     0.001235     30005149 
   16.000     0.000016939     0.001221     0.001215     29880334 
   16.100     0.000008930     0.000641     0.000642     30159818 
   16.200     0.000008829     0.000638     0.000638     29963306 
   16.300     0.000013779     0.000992     0.000992     29806382 
   16.400     0.000016113     0.001157     0.001156     30046671 
   16.500    -0.000002379    -0.000170    -0.000170     30044591 
   16.600     0.000005969     0.000428     0.000428     29925285 
   16.700    -0.000008029    -0.000577    -0.000576     29850749 
   16.800    -0.000001865    -0.000134    -0.000134     30032157 
   16.900     0.000003196     0.000230     0.000229     29766440 
   17.000    -0.000002386    -0.000172    -0.000171     29916147 
   17.100     0.000001848     0.000133     0.000133     30389778 
   17.200     0.000007043     0.000505     0.000504     30046705 
   17.300     0.000013499     0.000973     0.000968     29960480 
   17.400     0.000009512     0.000682     0.000682     29733209 
   17.500     0.000007518     0.000541     0.000541     29721060 
   17.600    -0.000008159    -0.000590    -0.000589     29574224 
   17.700     0.000006935     0.000498     0.000498     29816836 
   17.800     0.000023950     0.001725     0.001727     29899786 
   17.900     0.000016871     0.001218     0.001219     29993278 
   18.000     0.000002425     0.000174     0.000174     29745139 
   18.100     0.000000143     0.000010     0.000010     29669199 
   18.200     0.000006978     0.000501     0.000501     29894103 
   18.300     0.000015173     0.001096     0.001093     29915247 
   18.400     0.000007973     0.000576     0.000576     29803987 
   18.500    -0.000011506    -0.000831    -0.000830     29746149 
   18.600     0.000003606     0.000259     0.000258     29623467 
   18.700     0.000015197     0.001099     0.001097     29811108 
   18.800     0.000002153     0.000155     0.000155     29858805 
   18.900     0.000011768     0.000848     0.000845     29708396 
   19.000     0.000014590     0.001054     0.001048     29653188 
   19.100     0.000008548     0.000617     0.000614     29652466 
   19.200     0.000017199     0.001237     0.001229     29594590 
   19.300     0.000013252     0.000960     0.000954     29604451 
   19.400     0.000009019     0.000648     0.000648     29781005 
   19.500     0.000000511     0.000037     0.000037     29765741 
   19.600    -0.000000403    -0.000029    -0.000029     29386072 
   19.700     0.000006749     0.000485     0.000484     29716275 
   19.800     0.000013966     0.001013     0.001007     29789685 
   19.900     0.000009277     0.000666     0.000663     29602135 
   20.000     0.000008522     0.000612     0.000610     29473341 
   20.100    -0.000004708    -0.000340    -0.000337     29533277 
   20.200     0.000002527     0.000181     0.000180     29390766 
   20.300     0.000002397     0.000172     0.000172     29661224 
   20.400     0.000000903     0.000065     0.000065     29542275 
   20.500     0.000006896     0.000494     0.000492     29620063 
   20.600    -0.000010096    -0.000727    -0.000726     29619754 
   20.700     0.000010518     0.000757     0.000756     29469041 
   20.800     0.000000011     0.000001     0.000001     29292878 
   20.900     0.000004004     0.000289     0.000287     29406011 
   21.000    -0.000000252    -0.000018    -0.000018     29336835 
   21.100     0.000002935     0.000213     0.000212     29105678 
   21.200     0.000011994     0.000866     0.000863     29399365 
   21.300     0.000004201     0.000301     0.000301     29135720 
   21.400     0.000000322     0.000023     0.000023     29314754 
   21.500    -0.000003850    -0.000277    -0.000277     29433763 
   21.600     0.000004612     0.000331     0.000332     29244223 
   21.700     0.000006478     0.000465     0.000464     29167492 
   21.800     0.000005231     0.000375     0.000375     29309744 
   21.900     0.000014865     0.001066     0.001067     29160789 
   22.000     0.000009648     0.000693     0.000693     29056002 
   22.100     0.000004999     0.000356     0.000357     28859803 
   22.200     0.000003632     0.000260     0.000260     29033539 
   22.300    -0.000000721    -0.000052    -0.000052     29153142 
   22.400     0.000000060     0.000004     0.000004     29287624 
   22.500     0.000017185     0.001229     0.001224     29091651 
   22.600     0.000013288     0.000955     0.000949     29118028 
   22.700     0.000007906     0.000566     0.000565     29270180 
   22.800     0.000008258     0.000592     0.000591     29338510 
   22.900     0.000005517     0.000394     0.000394     29038146 
   23.000     0.000014732     0.001058     0.001057     29184388 
   23.100     0.000023832     0.001712     0.001707     29100151 
   23.200     0.000012351     0.000887     0.000886     29126551 
   23.300    -0.000008447    -0.000606    -0.000606     29118112 
   23.400     0.000008573     0.000614     0.000614     29250019 
   23.500     0.000013426     0.000966     0.000963     29197819 
   23.600     0.000003986     0.000284     0.000285     29131606 
   23.700     0.000003456     0.000247     0.000248     28944126 
   23.800     0.000022302     0.001608     0.001602     28888746 
   23.900    -0.000006777    -0.000486    -0.000484     28861370 
   24.000     0.000009377     0.000672     0.000670     28831543 
   24.100     0.000003754     0.000269     0.000269     28879097 
   24.200     0.000005918     0.000423     0.000424     28818229 
   24.300     0.000006079     0.000436     0.000433     28808297 
   24.400     0.000016567     0.001194     0.001187     29061778 
   24.500     0.000022502     0.001620     0.001612     28981901 
   24.600     0.000024908     0.001793     0.001786     29090909 
   24.700    -0.000002205    -0.000158    -0.000158     28982974 
   24.800     0.000014730     0.001063     0.001054     28868481 
   24.900     0.000014301     0.001030     0.001028     28794300 
   25.000    -0.000005483    -0.000396    -0.000396     28810277 
   25.100    -0.000009119    -0.000657    -0.000655     28857319 
   25.200     0.000003540     0.000256     0.000255     28831315 
   25.300     0.000017666     0.001265     0.001265     28874995 
   25.400    -0.000000819    -0.000059    -0.000059     28828410 
   25.500     0.000008440     0.000607     0.000605     28678847 
   25.600     0.000006629     0.000475     0.000473     28602087 
   25.700     0.000004558     0.000330     0.000328     28486599 
   25.800     0.000001388     0.000100     0.000099     28717190 
   25.900     0.000021401     0.001544     0.001534     28489104 
   26.000     0.000005423     0.000391     0.000389     28535319 
   26.100     0.000000085     0.000006     0.000006     28453388 
   26.200     0.000006774     0.000486     0.000485     28497081 
   26.300     0.000002582     0.000186     0.000185     28304598 
   26.400     0.000016811     0.001208     0.001206     28412013 
   26.500     0.000001381     0.000099     0.000099     28516106 
   26.600    -0.000004458    -0.000322    -0.000320     28424987 
   26.700    -0.000004035    -0.000290    -0.000289     28349209 
   26.800    -0.000010862    -0.000777    -0.000775     28107112 
   26.900    -0.000005391    -0.000388    -0.000387     28221587 
   27.000    -0.000005422    -0.000390    -0.000389     28180481 
   27.100    -0.000008912    -0.000641    -0.000638     27924185 
   27.200     0.000006089     0.000441     0.000437     28169165 
   27.300     0.000004879     0.000352     0.000349     28009670 
   27.400     0.000011864     0.000849     0.000847     28132049 
   27.500     0.000000178     0.000013     0.000013     28025770 
   27.600    -0.000002470    -0.000176    -0.000176     27946641 
   27.700     0.000015507     0.001113     0.001115     28087736 
   27.800     0.000007395     0.000529     0.000527     28108078 
   27.900     0.000006548     0.000465     0.000466     28223362 
   28.000    -0.000001688    -0.000120    -0.000121     28092977 
   28.100     0.000002216     0.000158     0.000158     27932980 
   28.200     0.000013946     0.001000     0.000998     28035039 
   28.300    -0.000001992    -0.000142    -0.000141     28011890 
   28.400     0.000025315     0.001802     0.001796     27885202 
   28.500     0.000016818     0.001200     0.001197     27732119 
   28.600     0.000005999     0.000430     0.000428     27849562 
   28.700     0.000012237     0.000874     0.000875     27876977 
   28.800     0.000010514     0.000754     0.000751     28215794 
   28.900     0.000003950     0.000282     0.000282     28103283 
   29.000     0.000024732     0.001762     0.001760     27968376 
   29.100     0.000018725     0.001335     0.001336     27886400 
   29.200     0.000010992     0.000783     0.000781     27729681 
   29.300     0.000010115     0.000724     0.000719     27646916 
   29.400    -0.000000434    -0.000031    -0.000031     28075128 
   29.500     0.000021929     0.001576     0.001565     27858167 
   29.600     0.000005762     0.000416     0.000413     27818213 
   29.700    -0.000001250    -0.000090    -0.000089     27680256 
   29.800    -0.000004857    -0.000347    -0.000347     27657135 
   29.900     0.000004585     0.000328     0.000327     27504204 
   30.000     0.000006422     0.000462     0.000461     27681761 
   30.100    -0.000001831    -0.000131    -0.000131     27629114 
   30.200     0.000000065     0.000005     0.000005     27710446 
   30.300    -0.000001739    -0.000126    -0.000125     28074815 
   30.400     0.000005229     0.000376     0.000375     27797804 
   30.500     0.000009473     0.000676     0.000675     27610672 
   30.600     0.000012058     0.000866     0.000864     27749393 
   30.700    -0.000002929    -0.000212    -0.000210     27838985 
   30.800     0.000010422     0.000749     0.000745     27599133 
   30.900    -0.000002047    -0.000148    -0.000147     27561188 
   31.000     0.000018373     0.001327     0.001312     27636961 
   31.100    -0.000003330    -0.000240    -0.000239     27551518 
   31.200     0.000009441     0.000683     0.000680     27766028 
   31.300     0.000009160     0.000661     0.000658     27497113 
   31.400    -0.000004721    -0.000341    -0.000339     27567481 
   31.500    -0.000006184    -0.000444    -0.000444     27411554 
   31.600    -0.000011386    -0.000817    -0.000816     27477890 
   31.700    -0.000001266    -0.000091    -0.000090     27272845 
   31.800    -0.000000998    -0.000072    -0.000071     27195551 
   31.900    -0.000002050    -0.000147    -0.000147     27294274 
   32.000    -0.000003139    -0.000226    -0.000225     27655908 
   32.100     0.000007745     0.000555     0.000556     27689775 
   32.200    -0.000006814    -0.000490    -0.000488     27596088 
   32.300     0.000006442     0.000463     0.000461     27439664 
   32.400    -0.000002402    -0.000173    -0.000172     27447020 
   32.500     0.000009649     0.000695     0.000691     27388293 
   32.600    -0.000015196    -0.001090    -0.001087     27213189 
   32.700    -0.000006378    -0.000457    -0.000456     27230140 
   32.800    -0.000006096    -0.000437    -0.000435     27311764 
   32.900    -0.000008356    -0.000601    -0.000598     27268874 
   33.000    -0.000000660    -0.000047    -0.000047     27149717 
   33.100     0.000001538     0.000111     0.000110     26957530 
   33.200     0.000004164     0.000299     0.000297     26978340 
   33.300     0.000005847     0.000422     0.000419     26837895 
   33.400     0.000019830     0.001433     0.001421     26852847 
   33.500     0.000007820     0.000562     0.000558     26850704 
   33.600     0.000001156     0.000084     0.000083     26967590 
   33.700     0.000003656     0.000262     0.000260     26904233 
   33.800     0.000010867     0.000778     0.000776     26983413 
   33.900     0.000014528     0.001037     0.001033     26966274 
   34.000     0.000019910     0.001426     0.001423     26862114 
   34.100    -0.000005803    -0.000414    -0.000413     26768990 
   34.200     0.000005157     0.000371     0.000370     26809666 
   34.300     0.000005568     0.000401     0.000398     26880838 
   34.400     0.000002090     0.000150     0.000150     26889706 
   34.500    -0.000002372    -0.000171    -0.000170     26744727 
   34.600    -0.000005046    -0.000362    -0.000360     26530492 
   34.700     0.000007125     0.000511     0.000509     26717748 
   34.800    -0.000006080    -0.000434    -0.000434     26608509 
   34.900    -0.000023536    -0.001685    -0.001679     26752790 
   35.000     0.000008892     0.000642     0.000638     26564719 
   35.100    -0.000000218    -0.000016    -0.000016     26741283 
   35.200     0.000004723     0.000340     0.000339     26594926 
   35.300     0.000014457     0.001036     0.001037     26446535 
   35.400    -0.000000118    -0.000008    -0.000008     26417773 
   35.500     0.000010703     0.000771     0.000767     26628754 
   35.600    -0.000005573    -0.000400    -0.000399     26605902 
   35.700     0.000001963     0.000141     0.000141     26521290 
   35.800     0.000020852     0.001492     0.001486     26309822 
   35.900     0.000017073     0.001224     0.001221     26642445 
   36.000     0.000015576     0.001118     0.001114     26684825 
   36.100     0.000015945     0.001143     0.001137     26540136 
   36.200    -0.000002700    -0.000194    -0.000193     26651063 
   36.300    -0.000003493    -0.000251    -0.000250     26481039 
   36.400    -0.000011020    -0.000791    -0.000790     26230939 
   36.500     0.000006635     0.000475     0.000474     26280385 
   36.600     0.000013825     0.001000     0.000992     26079060 
   36.700     0.000009825     0.000711     0.000706     26104502 
   36.800     0.000012183     0.000872     0.000871     26285441 
   36.900     0.000004328     0.000312     0.000309     26340192 
   37.000     0.000021380     0.001536     0.001532     26150322 
   37.100     0.000008722     0.000628     0.000625     26034265 
   37.200     0.000016969     0.001224     0.001225     26041967 
   37.300     0.000022627     0.001633     0.001631     26085283 
   37.400     0.000009237     0.000663     0.000662     26249392 
   37.500    -0.000001783    -0.000127    -0.000127     25998596 
   37.600     0.000000244     0.000018     0.000018     26001221 
   37.700     0.000009241     0.000671     0.000665     26306380 
   37.800     0.000008335     0.000599     0.000595     26148825 
   37.900    -0.000002775    -0.000198    -0.000198     26388022 
   38.000     0.000009513     0.000681     0.000679     26163717 
   38.100     0.000002211     0.000158     0.000158     26184599 
   38.200    -0.000007079    -0.000507    -0.000507     26360451 
   38.300    -0.000005787    -0.000414    -0.000413     25957576 
   38.400     0.000012365     0.000886     0.000883     25873736 
   38.500     0.000014918     0.001075     0.001073     26125545 
   38.600     0.000003635     0.000260     0.000261     26307513 
   38.700     0.000005048     0.000361     0.000360     26171050 
   38.800     0.000006106     0.000436     0.000435     26040428 
   38.900     0.000000153     0.000011     0.000011     26154047 
   39.000    -0.000004727    -0.000337    -0.000337     26157665 
   39.100     0.000001119     0.000080     0.000080     26086579 
   39.200     0.000005986     0.000430     0.000427     26224194 
   39.300     0.000011407     0.000816     0.000812     26125611 
   39.400     0.000000276     0.000020     0.000020     26106809 
   39.500     0.000008354     0.000598     0.000595     26043913 
   39.600     0.000006178     0.000445     0.000442     26142206 
   39.700     0.000006380     0.000454     0.000454     26061605 
   39.800     0.000013486     0.000971     0.000966     25851092 
   39.900     0.000010266     0.000735     0.000733     25823493 
   40.000     0.000012156     0.000866     0.000865     25647933 
   40.100    -0.000005554    -0.000398    -0.000396     25678457 
   40.200    -0.000005763    -0.000417    -0.000415     25714664 
   40.300     0.000007652     0.000549     0.000547     25832019 
   40.400     0.000035376     0.002515     0.002519     25933121 
   40.500     0.000017654     0.001263     0.001254     25773609 
   40.600     0.000025861     0.001861     0.001840     25649115 
   40.700     0.000008564     0.000621     0.000612     25650619 
   40.800    -0.000008984    -0.000645    -0.000644     25742289 
   40.900     0.000004795     0.000343     0.000342     25531068 
   41.000     0.000013951     0.000996     0.000991     25493173 
   41.100    -0.000015572    -0.001123    -0.001115     25440703 
   41.200     0.000002175     0.000157     0.000156     25661598 
   41.300     0.000004887     0.000349     0.000348     25624633 
   41.400    -0.000005934    -0.000428    -0.000426     25487298 
   41.500     0.000005195     0.000376     0.000372     25456479 
   41.600     0.000012380     0.000890     0.000886     25683490 
   41.700    -0.000000278    -0.000020    -0.000020     25635321 
   41.800     0.000011763     0.000841     0.000838     25689770 
   41.900     0.000011815     0.000850     0.000848     25492792 
   42.000     0.000005165     0.000376     0.000372     25345197 
   42.100    -0.000007708    -0.000555    -0.000553     25380667 
   42.200    -0.000010081    -0.000729    -0.000725     25069938 
   42.300    -0.000005382    -0.000388    -0.000385     25246413 
   42.400     0.000012712     0.000915     0.000910     25379173 
   42.500     0.000011904     0.000857     0.000854     25550849 
   42.600    -0.000003395    -0.000247    -0.000245     25298505 
   42.700     0.000007525     0.000546     0.000541     25299726 
   42.800    -0.000012835    -0.000927    -0.000920     25355828 
   42.900     0.000002689     0.000194     0.000192     25139801 
   43.000     0.000000365     0.000026     0.000026     25337157 
   43.100    -0.000000554    -0.000040    -0.000040     25105020 
   43.200     0.000012095     0.000867     0.000862     24953401 
   43.300     0.000011532     0.000840     0.000832     24900582 
   43.400     0.000009310     0.000672     0.000668     25049514 
   43.500     0.000009897     0.000716     0.000710     25057704 
   43.600    -0.000005878    -0.000422    -0.000421     24909482 
   43.700     0.000000288     0.000021     0.000021     24964568 
   43.800     0.000006998     0.000506     0.000501     24930147 
   43.900    -0.000006269    -0.000454    -0.000449     24973171 
   44.000    -0.000001440    -0.000103    -0.000103     24871476 
   44.100    -0.000003645    -0.000263    -0.000261     24915507 
   44.200     0.000000192     0.000014     0.000014     24644035 
   44.300    -0.000004773    -0.000345    -0.000342     24905239 
   44.400     0.000000581     0.000042     0.000042     24866132 
   44.500    -0.000001003    -0.000073    -0.000072     24518257 
   44.600    -0.000007101    -0.000512    -0.000508     24548910 
   44.700    -0.000002251    -0.000162    -0.000160     24594046 
   44.800    -0.000010993    -0.000794    -0.000789     24661557 
   44.900    -0.000004141    -0.000297    -0.000295     24526789 
   45.000     0.000000706     0.000050     0.000050     24507704 
   45.100    -0.000013962    -0.001001    -0.000997     24613652 
   45.200     0.000005233     0.000374     0.000373     24428873 
   45.300     0.000007969     0.000576     0.000569     24382177 
   45.400    -0.000012018    -0.000874    -0.000865     24304411 
   45.500     0.000002763     0.000199     0.000197     24382915 
   45.600    -0.000008734    -0.000626    -0.000623     24270740 
   45.700    -0.000016712    -0.001208    -0.001200     24185787 
   45.800    -0.000020758    -0.001494    -0.001487     24165072 
   45.900    -0.000018872    -0.001355    -0.001345     24573020 
   46.000    -0.000007126    -0.000515    -0.000511     24292494 
   46.100     0.000009327     0.000673     0.000669     24384461 
   46.200     0.000009565     0.000691     0.000684     24124255 
   46.300     0.000000187     0.000013     0.000013     24195131 
   46.400    -0.000005359    -0.000385    -0.000383     24275810 
   46.500    -0.000001017    -0.000073    -0.000073     24257017 
   46.600    -0.000005428    -0.000388    -0.000387     24124423 
   46.700     0.000005430     0.000387     0.000387     24245345 
   46.800    -0.000012123    -0.000874    -0.000871     24233648 
   46.900     0.000009659     0.000696     0.000691     24039306 
   47.000    -0.000001860    -0.000134    -0.000133     23995268 
   47.100    -0.000002020    -0.000145    -0.000145     24059287 
   47.200    -0.000004102    -0.000296    -0.000294     23942070 
   47.300     0.000005108     0.000366     0.000364     23744032 
   47.400     0.000003158     0.000226     0.000226     23866827 
   47.500    -0.000001497    -0.000107    -0.000107     23855358 
   47.600     0.000003948     0.000283     0.000283     23771103 
   47.700    -0.000003436    -0.000246    -0.000246     23877844 
   47.800     0.000001807     0.000129     0.000129     23966192 
   47.900     0.000009139     0.000661     0.000656     23594866 
   48.000     0.000003014     0.000217     0.000215     23699747 
   48.100     0.000020584     0.001480     0.001469     23783815 
   48.200     0.000012703     0.000919     0.000912     23666465 
   48.300     0.000004537     0.000322     0.000323     23734164 
   48.400    -0.000010648    -0.000762    -0.000758     23517584 
   48.500     0.000010997     0.000788     0.000789     23590495 
   48.600     0.000008430     0.000610     0.000607     23650785 
   48.700     0.000008996     0.000650     0.000645     23493527 
   48.800    -0.000000804    -0.000058    -0.000057     23465766 
   48.900     0.000009331     0.000673     0.000667     23503385 
   49.000    -0.000001570    -0.000113    -0.000112     23590731 
   49.100    -0.000011345    -0.000819    -0.000815     23339425 
   49.200     0.000002900     0.000208     0.000208     23346683 
   49.300     0.000014009     0.001010     0.001006     23150229 
   49.400     0.000001556     0.000112     0.000112     23274647 
   49.500    -0.000000822    -0.000059    -0.000059     23351573 
   49.600    -0.000010803    -0.000774    -0.000772     23704230 
   49.700     0.000003692     0.000267     0.000265     23713160 
   49.800    -0.000002773    -0.000200    -0.000199     23342884 
   49.900    -0.000000746    -0.000054    -0.000053     23219611 
   50.000     0.000013309     0.000964     0.000961     23175362 
