 ##Z-score and correlation:: Koken_MLBA_o1  binsize:     0.001000
    0.100     0.000650734     0.044730     0.044702      5725052 
    0.200     0.000168718     0.011573     0.011559      4860234 
    0.300     0.000134337     0.009213     0.009217      4817486 
    0.400     0.000127252     0.008813     0.008789      4758276 
    0.500     0.000094416     0.006549     0.006541      4691104 
    0.600     0.000100545     0.006946     0.006934      4670897 
    0.700     0.000089242     0.006144     0.006127      4679822 
    0.800     0.000094241     0.006476     0.006451      4638655 
    0.900     0.000064104     0.004432     0.004415      4613731 
    1.000     0.000043608     0.002995     0.002979      4630214 
    1.100     0.000067856     0.004672     0.004654      4603480 
    1.200     0.000059959     0.004122     0.004115      4618225 
    1.300     0.000067058     0.004578     0.004560      4586214 
    1.400     0.000067030     0.004610     0.004593      4555835 
    1.500     0.000054873     0.003785     0.003770      4536992 
    1.600     0.000059266     0.004078     0.004072      4530438 
    1.700     0.000101589     0.006939     0.006960      4519474 
    1.800     0.000073844     0.005041     0.005056      4492425 
    1.900     0.000055304     0.003786     0.003791      4499492 
    2.000     0.000061260     0.004186     0.004187      4484047 
    2.100     0.000045693     0.003141     0.003140      4463110 
    2.200     0.000057333     0.003917     0.003934      4454468 
    2.300     0.000051358     0.003483     0.003492      4457761 
    2.400     0.000055228     0.003749     0.003771      4432904 
    2.500     0.000057769     0.003927     0.003948      4438206 
    2.600     0.000048460     0.003297     0.003307      4437928 
    2.700     0.000060334     0.004120     0.004117      4423444 
    2.800     0.000070970     0.004808     0.004827      4421158 
    2.900     0.000061947     0.004228     0.004247      4407139 
    3.000     0.000086723     0.005941     0.005944      4414128 
    3.100     0.000054050     0.003700     0.003691      4369375 
    3.200     0.000052444     0.003584     0.003576      4403982 
    3.300     0.000026978     0.001846     0.001845      4410848 
    3.400     0.000034759     0.002398     0.002390      4362569 
    3.500     0.000011549     0.000787     0.000789      4372226 
    3.600     0.000022024     0.001516     0.001507      4367943 
    3.700     0.000023889     0.001641     0.001640      4336398 
    3.800     0.000024766     0.001695     0.001699      4337378 
    3.900     0.000021291     0.001456     0.001453      4319440 
    4.000     0.000002877     0.000197     0.000197      4302123 
    4.100    -0.000008232    -0.000564    -0.000563      4306885 
    4.200     0.000025635     0.001744     0.001750      4314350 
    4.300     0.000051356     0.003522     0.003520      4317964 
    4.400     0.000033866     0.002343     0.002333      4313623 
    4.500     0.000026401     0.001810     0.001802      4334049 
    4.600     0.000038722     0.002649     0.002650      4286151 
    4.700     0.000058105     0.003971     0.003959      4293713 
    4.800     0.000047337     0.003227     0.003227      4324174 
    4.900     0.000068838     0.004685     0.004708      4308922 
    5.000     0.000040313     0.002729     0.002738      4312305 
    5.100     0.000016145     0.001104     0.001101      4302389 
    5.200     0.000027775     0.001906     0.001894      4326305 
    5.300     0.000026401     0.001818     0.001800      4279005 
    5.400     0.000029447     0.002016     0.002002      4314138 
    5.500     0.000015746     0.001087     0.001080      4297831 
    5.600     0.000031128     0.002138     0.002128      4290446 
    5.700     0.000059597     0.004077     0.004069      4278043 
    5.800     0.000023815     0.001620     0.001625      4242745 
    5.900     0.000054449     0.003753     0.003740      4276507 
    6.000     0.000003395     0.000233     0.000231      4283763 
    6.100     0.000028227     0.001941     0.001936      4292327 
    6.200     0.000033751     0.002317     0.002313      4304546 
    6.300     0.000017055     0.001166     0.001165      4315318 
    6.400     0.000016062     0.001093     0.001094      4299357 
    6.500     0.000023134     0.001579     0.001574      4289534 
    6.600     0.000053150     0.003654     0.003627      4303257 
    6.700     0.000055585     0.003796     0.003801      4224120 
    6.800     0.000063781     0.004376     0.004358      4236930 
    6.900     0.000019582     0.001337     0.001339      4217664 
    7.000     0.000040822     0.002803     0.002795      4282423 
    7.100     0.000041318     0.002831     0.002831      4247001 
    7.200     0.000008786     0.000601     0.000601      4308476 
    7.300     0.000026956     0.001844     0.001839      4254031 
    7.400     0.000005910     0.000405     0.000403      4268536 
    7.500     0.000041344     0.002849     0.002828      4268240 
    7.600     0.000051805     0.003563     0.003532      4227301 
    7.700     0.000061138     0.004195     0.004171      4233664 
    7.800     0.000061575     0.004208     0.004167      4248065 
    7.900     0.000038994     0.002663     0.002660      4221307 
    8.000     0.000017804     0.001220     0.001216      4266877 
    8.100     0.000048792     0.003334     0.003319      4247980 
    8.200     0.000016242     0.001116     0.001112      4261065 
    8.300     0.000054981     0.003750     0.003746      4246920 
    8.400     0.000036733     0.002511     0.002502      4269678 
    8.500     0.000024737     0.001689     0.001680      4244190 
    8.600     0.000068847     0.004660     0.004643      4242223 
    8.700     0.000048238     0.003267     0.003242      4216325 
    8.800     0.000031113     0.002128     0.002111      4247845 
    8.900     0.000043259     0.002989     0.002951      4237853 
    9.000     0.000026566     0.001821     0.001807      4223414 
    9.100     0.000008820     0.000604     0.000602      4226807 
    9.200     0.000035776     0.002443     0.002433      4205518 
    9.300     0.000006501     0.000445     0.000444      4232450 
    9.400     0.000009123     0.000621     0.000621      4235112 
    9.500     0.000036468     0.002472     0.002473      4200107 
    9.600     0.000004479     0.000306     0.000305      4224426 
    9.700     0.000002760     0.000189     0.000188      4210113 
    9.800     0.000015166     0.001035     0.001033      4190939 
    9.900     0.000029885     0.002049     0.002038      4211936 
   10.000     0.000037785     0.002588     0.002577      4178526 
   10.100     0.000015706     0.001062     0.001060      4208516 
   10.200    -0.000005759    -0.000391    -0.000389      4196233 
   10.300     0.000017844     0.001221     0.001212      4194268 
   10.400     0.000024019     0.001647     0.001631      4172058 
   10.500     0.000021229     0.001458     0.001448      4165791 
   10.600     0.000039014     0.002695     0.002671      4177713 
   10.700    -0.000006376    -0.000440    -0.000435      4169571 
   10.800     0.000023170     0.001591     0.001579      4160548 
   10.900     0.000036896     0.002520     0.002500      4157084 
   11.000     0.000024766     0.001683     0.001681      4161684 
   11.100    -0.000006807    -0.000466    -0.000464      4136611 
   11.200    -0.000025447    -0.001739    -0.001730      4123356 
   11.300     0.000009582     0.000650     0.000648      4162685 
   11.400     0.000031937     0.002165     0.002166      4176981 
   11.500     0.000030425     0.002080     0.002061      4180643 
   11.600     0.000008588     0.000585     0.000581      4170939 
   11.700     0.000002407     0.000165     0.000163      4145996 
   11.800     0.000020367     0.001398     0.001389      4112606 
   11.900    -0.000002833    -0.000195    -0.000195      4151669 
   12.000     0.000026356     0.001801     0.001794      4153204 
   12.100     0.000006883     0.000471     0.000470      4134006 
   12.200     0.000026206     0.001787     0.001780      4183590 
   12.300     0.000020789     0.001422     0.001414      4141785 
   12.400     0.000025107     0.001731     0.001717      4158694 
   12.500     0.000008134     0.000560     0.000554      4158640 
   12.600     0.000009592     0.000660     0.000652      4155583 
   12.700     0.000036727     0.002525     0.002499      4134197 
   12.800     0.000020290     0.001399     0.001384      4127897 
   12.900    -0.000002288    -0.000156    -0.000155      4125415 
   13.000     0.000014696     0.001008     0.000999      4088031 
   13.100     0.000010202     0.000702     0.000697      4096460 
   13.200     0.000012091     0.000825     0.000820      4104378 
   13.300     0.000028550     0.001962     0.001951      4111545 
   13.400     0.000036856     0.002518     0.002516      4090855 
   13.500     0.000034144     0.002333     0.002327      4091890 
   13.600    -0.000029417    -0.002035    -0.002021      4083620 
   13.700    -0.000005762    -0.000395    -0.000394      4094593 
   13.800     0.000006116     0.000420     0.000419      4097471 
   13.900     0.000002580     0.000176     0.000175      4063120 
   14.000     0.000025770     0.001742     0.001744      4085909 
   14.100     0.000007405     0.000503     0.000503      4070045 
   14.200     0.000012705     0.000869     0.000867      4084151 
   14.300     0.000012851     0.000874     0.000867      4074037 
   14.400     0.000004857     0.000334     0.000330      4080233 
   14.500     0.000009199     0.000625     0.000624      4054838 
   14.600     0.000027862     0.001903     0.001902      4064422 
   14.700     0.000001964     0.000134     0.000134      4054925 
   14.800     0.000003089     0.000210     0.000209      4044521 
   14.900     0.000027571     0.001870     0.001860      4054348 
   15.000    -0.000006914    -0.000471    -0.000468      4050104 
   15.100     0.000005450     0.000372     0.000369      4043654 
   15.200     0.000004192     0.000286     0.000285      4049941 
   15.300     0.000034594     0.002374     0.002362      4075598 
   15.400     0.000023996     0.001633     0.001628      4070656 
   15.500     0.000002065     0.000141     0.000140      4052142 
   15.600     0.000005238     0.000357     0.000355      4053884 
   15.700     0.000014615     0.001005     0.000994      4035853 
   15.800     0.000020817     0.001423     0.001416      4040382 
   15.900    -0.000016639    -0.001130    -0.001131      4074769 
   16.000    -0.000002891    -0.000197    -0.000196      4051255 
   16.100     0.000005135     0.000350     0.000349      4078826 
   16.200     0.000015755     0.001074     0.001075      4063810 
   16.300     0.000041320     0.002811     0.002814      4037417 
   16.400     0.000025361     0.001725     0.001722      4065216 
   16.500    -0.000005658    -0.000383    -0.000383      4062503 
   16.600    -0.000012924    -0.000880    -0.000876      4047175 
   16.700     0.000018572     0.001265     0.001259      4053165 
   16.800     0.000015794     0.001077     0.001072      4078166 
   16.900     0.000011793     0.000801     0.000799      4041505 
   17.000     0.000009708     0.000662     0.000660      4058831 
   17.100     0.000016925     0.001157     0.001155      4116362 
   17.200    -0.000024834    -0.001703    -0.001692      4083830 
   17.300    -0.000023324    -0.001600    -0.001589      4047949 
   17.400    -0.000029765    -0.002028    -0.002020      4020590 
   17.500    -0.000003439    -0.000234    -0.000234      4024747 
   17.600     0.000001642     0.000113     0.000112      4004188 
   17.700     0.000006220     0.000425     0.000424      4039694 
   17.800     0.000004416     0.000301     0.000300      4056329 
   17.900     0.000013646     0.000928     0.000929      4058084 
   18.000     0.000021331     0.001457     0.001451      4023530 
   18.100     0.000017750     0.001205     0.001202      4015725 
   18.200     0.000005262     0.000359     0.000357      4041432 
   18.300     0.000024261     0.001657     0.001652      4052030 
   18.400     0.000009635     0.000660     0.000659      4047663 
   18.500     0.000018690     0.001278     0.001271      4028707 
   18.600     0.000010340     0.000706     0.000703      4004619 
   18.700    -0.000025830    -0.001763    -0.001761      4034888 
   18.800    -0.000002865    -0.000195    -0.000195      4046587 
   18.900     0.000037351     0.002549     0.002532      4029729 
   19.000     0.000023872     0.001630     0.001620      4016706 
   19.100     0.000037396     0.002560     0.002537      4013272 
   19.200    -0.000000420    -0.000029    -0.000028      4017262 
   19.300     0.000006290     0.000430     0.000427      4011189 
   19.400     0.000029041     0.001981     0.001971      4036536 
   19.500     0.000028670     0.001940     0.001936      4035426 
   19.600     0.000023385     0.001584     0.001583      3976329 
   19.700     0.000048706     0.003311     0.003309      4022925 
   19.800    -0.000000794    -0.000055    -0.000054      4028349 
   19.900     0.000011633     0.000792     0.000788      4026249 
   20.000    -0.000011558    -0.000789    -0.000783      3987800 
   20.100     0.000011614     0.000793     0.000785      3992214 
   20.200     0.000037589     0.002552     0.002533      3989633 
   20.300     0.000014539     0.000989     0.000983      4022196 
   20.400     0.000068249     0.004659     0.004617      4003565 
   20.500     0.000036315     0.002469     0.002446      4018685 
   20.600     0.000048666     0.003324     0.003297      4007488 
   20.700     0.000026418     0.001788     0.001785      3986733 
   20.800     0.000017773     0.001210     0.001207      3956522 
   20.900     0.000014709     0.001005     0.000995      3975565 
   21.000     0.000002601     0.000177     0.000176      3961508 
   21.100    -0.000010548    -0.000721    -0.000715      3942422 
   21.200     0.000008460     0.000573     0.000573      3979933 
   21.300    -0.000024310    -0.001642    -0.001641      3941676 
   21.400     0.000016536     0.001112     0.001116      3965061 
   21.500     0.000029184     0.001985     0.001974      3970114 
   21.600     0.000020488     0.001388     0.001391      3965481 
   21.700     0.000030664     0.002073     0.002067      3955362 
   21.800     0.000015804     0.001074     0.001071      3977338 
   21.900    -0.000001066    -0.000073    -0.000072      3944745 
   22.000     0.000023680     0.001604     0.001602      3946190 
   22.100     0.000016057     0.001087     0.001084      3916336 
   22.200     0.000029559     0.002009     0.002001      3933173 
   22.300    -0.000019814    -0.001338    -0.001339      3944963 
   22.400     0.000016696     0.001143     0.001136      3971667 
   22.500     0.000025717     0.001729     0.001732      3928635 
   22.600     0.000039176     0.002669     0.002649      3946362 
   22.700     0.000022097     0.001499     0.001490      3964328 
   22.800     0.000027842     0.001889     0.001883      3958000 
   22.900     0.000049757     0.003366     0.003363      3920080 
   23.000     0.000025834     0.001750     0.001748      3952209 
   23.100     0.000027341     0.001860     0.001855      3938534 
   23.200     0.000040999     0.002789     0.002774      3936935 
   23.300     0.000041194     0.002788     0.002798      3943973 
   23.400    -0.000012891    -0.000874    -0.000875      3959345 
   23.500     0.000005395     0.000368     0.000367      3953166 
   23.600    -0.000032087    -0.002173    -0.002173      3952091 
   23.700    -0.000002585    -0.000176    -0.000175      3915607 
   23.800     0.000020529     0.001395     0.001389      3918703 
   23.900    -0.000000339    -0.000023    -0.000023      3912140 
   24.000    -0.000022963    -0.001562    -0.001558      3909643 
   24.100    -0.000032944    -0.002242    -0.002241      3913944 
   24.200    -0.000001694    -0.000115    -0.000115      3910424 
   24.300    -0.000004574    -0.000310    -0.000308      3912811 
   24.400     0.000012331     0.000841     0.000835      3935583 
   24.500    -0.000000292    -0.000020    -0.000020      3923230 
   24.600    -0.000001188    -0.000081    -0.000080      3951641 
   24.700     0.000049629     0.003388     0.003376      3947737 
   24.800     0.000013542     0.000927     0.000919      3919900 
   24.900     0.000005172     0.000356     0.000353      3897885 
   25.000     0.000039527     0.002699     0.002698      3896051 
   25.100     0.000021268     0.001453     0.001446      3915661 
   25.200     0.000001962     0.000134     0.000133      3902351 
   25.300     0.000008648     0.000586     0.000585      3905325 
   25.400    -0.000005011    -0.000341    -0.000340      3911079 
   25.500    -0.000025329    -0.001727    -0.001723      3890702 
   25.600     0.000017741     0.001194     0.001193      3879303 
   25.700     0.000005174     0.000351     0.000350      3851930 
   25.800     0.000000007     0.000000     0.000000      3900224 
   25.900    -0.000000189    -0.000013    -0.000013      3861807 
   26.000    -0.000009719    -0.000663    -0.000658      3868764 
   26.100     0.000023204     0.001581     0.001579      3857216 
   26.200     0.000019606     0.001334     0.001324      3867262 
   26.300    -0.000006655    -0.000454    -0.000451      3837737 
   26.400    -0.000009878    -0.000668    -0.000668      3863186 
   26.500     0.000034482     0.002341     0.002332      3881340 
   26.600    -0.000005379    -0.000369    -0.000367      3846415 
   26.700     0.000025932     0.001761     0.001756      3839811 
   26.800     0.000035216     0.002391     0.002379      3814727 
   26.900     0.000011176     0.000758     0.000755      3828213 
   27.000     0.000000981     0.000067     0.000066      3817593 
   27.100     0.000002341     0.000160     0.000158      3775072 
   27.200     0.000031672     0.002156     0.002138      3827000 
   27.300    -0.000012351    -0.000839    -0.000830      3802383 
   27.400     0.000013338     0.000896     0.000892      3800837 
   27.500     0.000037034     0.002503     0.002487      3793117 
   27.600     0.000025828     0.001730     0.001732      3795135 
   27.700     0.000049377     0.003351     0.003337      3810838 
   27.800     0.000053215     0.003570     0.003576      3810844 
   27.900     0.000028423     0.001910     0.001908      3830765 
   28.000     0.000057687     0.003893     0.003897      3810049 
   28.100     0.000026663     0.001795     0.001793      3796646 
   28.200     0.000021537     0.001449     0.001449      3812374 
   28.300    -0.000000402    -0.000027    -0.000027      3805055 
   28.400     0.000011374     0.000763     0.000758      3794945 
   28.500     0.000017233     0.001156     0.001152      3773442 
   28.600     0.000020601     0.001391     0.001386      3780019 
   28.700     0.000034361     0.002311     0.002310      3786968 
   28.800    -0.000007386    -0.000498    -0.000496      3826648 
   28.900     0.000012150     0.000821     0.000819      3814744 
   29.000     0.000022733     0.001523     0.001519      3793960 
   29.100     0.000009691     0.000652     0.000653      3789739 
   29.200     0.000016947     0.001137     0.001133      3768646 
   29.300    -0.000003742    -0.000253    -0.000250      3743723 
   29.400     0.000025319     0.001717     0.001696      3799027 
   29.500     0.000033086     0.002255     0.002226      3771314 
   29.600     0.000032554     0.002220     0.002197      3769840 
   29.700     0.000005784     0.000394     0.000391      3745322 
   29.800     0.000032579     0.002208     0.002206      3755675 
   29.900     0.000026877     0.001817     0.001806      3725274 
   30.000     0.000007461     0.000503     0.000503      3753209 
   30.100     0.000029529     0.001997     0.001988      3750858 
   30.200    -0.000000337    -0.000023    -0.000023      3757001 
   30.300     0.000008908     0.000610     0.000604      3811769 
   30.400     0.000023568     0.001605     0.001593      3771507 
   30.500     0.000020900     0.001407     0.001402      3746530 
   30.600     0.000029532     0.002004     0.001993      3760913 
   30.700     0.000037865     0.002603     0.002562      3764388 
   30.800     0.000010346     0.000707     0.000700      3728939 
   30.900     0.000036598     0.002485     0.002469      3732756 
   31.000    -0.000012311    -0.000840    -0.000830      3746484 
   31.100    -0.000021885    -0.001490    -0.001476      3731917 
   31.200     0.000014829     0.001012     0.001008      3769038 
   31.300    -0.000017665    -0.001203    -0.001201      3724597 
   31.400     0.000021778     0.001473     0.001472      3736866 
   31.500     0.000063776     0.004308     0.004308      3714794 
   31.600     0.000030035     0.002038     0.002035      3715285 
   31.700     0.000018033     0.001227     0.001219      3700848 
   31.800     0.000026509     0.001818     0.001800      3680269 
   31.900    -0.000002252    -0.000153    -0.000152      3705932 
   32.000     0.000008716     0.000593     0.000590      3749117 
   32.100     0.000003229     0.000219     0.000218      3754621 
   32.200     0.000009286     0.000635     0.000630      3744065 
   32.300     0.000008669     0.000588     0.000584      3714419 
   32.400     0.000032259     0.002198     0.002187      3713736 
   32.500     0.000017917     0.001220     0.001213      3710472 
   32.600    -0.000012175    -0.000823    -0.000822      3698171 
   32.700    -0.000029487    -0.002002    -0.001988      3707064 
   32.800    -0.000034251    -0.002321    -0.002311      3701532 
   32.900    -0.000001600    -0.000108    -0.000108      3700262 
   33.000     0.000030995     0.002109     0.002097      3690811 
   33.100    -0.000010107    -0.000692    -0.000685      3655018 
   33.200     0.000028748     0.001931     0.001931      3670818 
   33.300     0.000042675     0.002899     0.002886      3645984 
   33.400     0.000025697     0.001754     0.001738      3638983 
   33.500     0.000029719     0.002014     0.002004      3641093 
   33.600     0.000058824     0.004025     0.003974      3667057 
   33.700     0.000022896     0.001555     0.001540      3630709 
   33.800     0.000023415     0.001571     0.001576      3660123 
   33.900     0.000052507     0.003527     0.003509      3651863 
   34.000     0.000020712     0.001401     0.001397      3640983 
   34.100     0.000004157     0.000280     0.000278      3621911 
   34.200     0.000011586     0.000789     0.000784      3627181 
   34.300     0.000028315     0.001930     0.001907      3656765 
   34.400     0.000028200     0.001919     0.001910      3652119 
   34.500    -0.000011769    -0.000799    -0.000798      3629327 
   34.600     0.000062570     0.004218     0.004201      3610927 
   34.700     0.000027047     0.001835     0.001826      3627296 
   34.800     0.000036574     0.002465     0.002451      3608171 
   34.900    -0.000002810    -0.000190    -0.000189      3627368 
   35.000     0.000028226     0.001923     0.001906      3608965 
   35.100     0.000006709     0.000453     0.000453      3619253 
   35.200     0.000008736     0.000590     0.000589      3597374 
   35.300     0.000023724     0.001601     0.001607      3578686 
   35.400    -0.000008007    -0.000542    -0.000541      3581802 
   35.500     0.000028768     0.001960     0.001946      3613408 
   35.600     0.000029609     0.002014     0.002004      3603485 
   35.700     0.000022465     0.001519     0.001520      3590116 
   35.800     0.000052654     0.003554     0.003540      3567300 
   35.900     0.000032187     0.002182     0.002174      3613505 
   36.000     0.000010862     0.000736     0.000732      3624331 
   36.100     0.000030843     0.002096     0.002081      3605389 
   36.200     0.000033086     0.002257     0.002246      3614938 
   36.300     0.000038349     0.002637     0.002610      3582996 
   36.400     0.000012950     0.000875     0.000876      3553605 
   36.500     0.000022780     0.001546     0.001538      3559200 
   36.600     0.000073821     0.005050     0.005006      3537768 
   36.700     0.000046668     0.003172     0.003159      3537991 
   36.800     0.000037511     0.002544     0.002537      3565145 
   36.900     0.000030323     0.002060     0.002043      3578805 
   37.000     0.000036859     0.002507     0.002498      3554466 
   37.100    -0.000001932    -0.000132    -0.000131      3536643 
   37.200     0.000025023     0.001698     0.001697      3535658 
   37.300     0.000061082     0.004173     0.004160      3538783 
   37.400     0.000018410     0.001247     0.001248      3561932 
   37.500     0.000022100     0.001476     0.001482      3536145 
   37.600     0.000021516     0.001451     0.001451      3527371 
   37.700     0.000017698     0.001210     0.001201      3573432 
   37.800     0.000015116     0.001024     0.001021      3548609 
   37.900    -0.000021900    -0.001480    -0.001471      3572787 
   38.000    -0.000009308    -0.000629    -0.000626      3546027 
   38.100     0.000002132     0.000143     0.000143      3552430 
   38.200     0.000002027     0.000137     0.000137      3578550 
   38.300     0.000027304     0.001848     0.001837      3517622 
   38.400     0.000026386     0.001784     0.001779      3509462 
   38.500     0.000045502     0.003092     0.003085      3539256 
   38.600     0.000009885     0.000674     0.000673      3571388 
   38.700     0.000006016     0.000405     0.000405      3563848 
   38.800     0.000033137     0.002224     0.002221      3541200 
   38.900     0.000052539     0.003545     0.003544      3551587 
   39.000     0.000030997     0.002083     0.002077      3547643 
   39.100     0.000049137     0.003310     0.003285      3531017 
   39.200     0.000007553     0.000517     0.000509      3560870 
   39.300     0.000009663     0.000652     0.000647      3551852 
   39.400     0.000001215     0.000082     0.000082      3549126 
   39.500     0.000004540     0.000305     0.000304      3538786 
   39.600     0.000007173     0.000486     0.000484      3549133 
   39.700     0.000002000     0.000134     0.000134      3543309 
   39.800     0.000019439     0.001318     0.001313      3512379 
   39.900     0.000021676     0.001473     0.001462      3509193 
   40.000     0.000044989     0.003016     0.003013      3482584 
   40.100     0.000020175     0.001356     0.001353      3494633 
   40.200     0.000012890     0.000879     0.000870      3488634 
   40.300     0.000026154     0.001780     0.001761      3506676 
   40.400     0.000014373     0.000962     0.000962      3523552 
   40.500    -0.000003547    -0.000239    -0.000237      3490157 
   40.600     0.000042483     0.002900     0.002861      3483323 
   40.700     0.000030730     0.002111     0.002073      3495974 
   40.800     0.000015449     0.001048     0.001043      3483987 
   40.900     0.000037215     0.002531     0.002510      3461100 
   41.000     0.000030823     0.002099     0.002072      3454371 
   41.100     0.000026399     0.001811     0.001786      3456181 
   41.200     0.000023432     0.001594     0.001576      3491185 
   41.300     0.000046764     0.003158     0.003144      3484845 
   41.400     0.000021228     0.001450     0.001443      3453403 
   41.500     0.000027359     0.001879     0.001854      3447682 
   41.600     0.000012390     0.000846     0.000837      3475046 
   41.700     0.000041931     0.002851     0.002828      3482435 
   41.800     0.000011720     0.000799     0.000790      3480377 
   41.900     0.000025811     0.001756     0.001751      3456925 
   42.000     0.000016256     0.001121     0.001104      3438941 
   42.100     0.000028306     0.001935     0.001925      3446193 
   42.200     0.000031260     0.002146     0.002131      3406381 
   42.300     0.000052387     0.003557     0.003535      3425091 
   42.400     0.000020738     0.001427     0.001411      3434011 
   42.500    -0.000010163    -0.000694    -0.000688      3468743 
   42.600     0.000010221     0.000708     0.000696      3425792 
   42.700    -0.000005145    -0.000353    -0.000348      3436972 
   42.800     0.000004714     0.000324     0.000320      3442517 
   42.900     0.000006918     0.000474     0.000469      3415951 
   43.000     0.000031152     0.002138     0.002115      3439055 
   43.100     0.000012885     0.000881     0.000876      3407902 
   43.200     0.000052840     0.003602     0.003563      3385203 
   43.300     0.000038648     0.002677     0.002641      3376396 
   43.400     0.000007826     0.000538     0.000531      3381304 
   43.500     0.000022970     0.001581     0.001562      3395232 
   43.600     0.000039073     0.002676     0.002655      3377193 
   43.700     0.000012333     0.000847     0.000838      3389600 
   43.800     0.000006633     0.000454     0.000449      3382713 
   43.900     0.000003994     0.000275     0.000271      3387246 
   44.000    -0.000007185    -0.000490    -0.000483      3373122 
   44.100     0.000001959     0.000134     0.000132      3383832 
   44.200    -0.000015217    -0.001049    -0.001029      3350243 
   44.300     0.000008575     0.000587     0.000581      3385468 
   44.400     0.000034155     0.002352     0.002320      3372211 
   44.500     0.000011179     0.000765     0.000757      3320182 
   44.600    -0.000004906    -0.000334    -0.000331      3322824 
   44.700     0.000032312     0.002209     0.002175      3332658 
   44.800    -0.000001584    -0.000109    -0.000107      3344311 
   44.900     0.000022040     0.001497     0.001484      3328509 
   45.000     0.000036270     0.002453     0.002444      3325089 
   45.100     0.000030338     0.002060     0.002048      3335057 
   45.200     0.000046285     0.003148     0.003126      3306420 
   45.300     0.000036062     0.002461     0.002428      3307707 
   45.400     0.000028411     0.001952     0.001929      3289990 
   45.500     0.000001839     0.000125     0.000124      3308894 
   45.600     0.000000874     0.000059     0.000058      3286651 
   45.700     0.000045834     0.003127     0.003086      3284307 
   45.800    -0.000034982    -0.002390    -0.002357      3279456 
   45.900     0.000023280     0.001580     0.001568      3339237 
   46.000     0.000011328     0.000777     0.000768      3292140 
   46.100     0.000028680     0.001961     0.001943      3311998 
   46.200     0.000013745     0.000948     0.000934      3263895 
   46.300     0.000005299     0.000363     0.000360      3277329 
   46.400    -0.000005917    -0.000402    -0.000400      3287442 
   46.500     0.000013820     0.000930     0.000929      3276102 
   46.600     0.000006002     0.000407     0.000406      3272211 
   46.700    -0.000010271    -0.000694    -0.000692      3285051 
   46.800     0.000022767     0.001565     0.001550      3283644 
   46.900     0.000001163     0.000080     0.000079      3259814 
   47.000     0.000019007     0.001304     0.001282      3249441 
   47.100     0.000029259     0.002002     0.001983      3258657 
   47.200    -0.000013523    -0.000929    -0.000915      3242922 
   47.300    -0.000005586    -0.000383    -0.000378      3219902 
   47.400     0.000037409     0.002543     0.002526      3247204 
   47.500    -0.000002366    -0.000161    -0.000160      3221960 
   47.600     0.000013681     0.000929     0.000924      3222754 
   47.700     0.000003290     0.000222     0.000221      3242205 
   47.800     0.000015123     0.001031     0.001024      3250698 
   47.900     0.000001018     0.000070     0.000069      3194094 
   48.000     0.000046577     0.003184     0.003144      3209649 
   48.100     0.000011755     0.000804     0.000795      3224618 
   48.200    -0.000006123    -0.000417    -0.000413      3217700 
   48.300    -0.000007063    -0.000476    -0.000474      3217819 
   48.400    -0.000002079    -0.000141    -0.000140      3186020 
   48.500     0.000017360     0.001174     0.001171      3189851 
   48.600    -0.000017539    -0.001205    -0.001194      3200754 
   48.700    -0.000029716    -0.002033    -0.002012      3180078 
   48.800    -0.000009328    -0.000635    -0.000629      3180006 
   48.900    -0.000013645    -0.000928    -0.000918      3181684 
   49.000    -0.000027891    -0.001913    -0.001892      3185378 
   49.100     0.000026167     0.001790     0.001773      3154528 
   49.200     0.000006741     0.000457     0.000455      3166233 
   49.300     0.000016570     0.001119     0.001115      3142952 
   49.400     0.000004302     0.000293     0.000292      3146018 
   49.500     0.000030156     0.002056     0.002045      3165614 
   49.600     0.000002836     0.000193     0.000191      3215234 
   49.700    -0.000039359    -0.002696    -0.002673      3213216 
   49.800     0.000024226     0.001640     0.001638      3170811 
   49.900     0.000028109     0.001915     0.001901      3144268 
   50.000     0.000049395     0.003368     0.003345      3148971 
