 ##Z-score and correlation:: Koken_MLBA  binsize:     0.001000
    0.100     0.000575315     0.047627     0.047572     36502970 
    0.200     0.000156366     0.012943     0.012934     31093397 
    0.300     0.000083022     0.006883     0.006865     30893143 
    0.400     0.000064768     0.005406     0.005385     30423106 
    0.500     0.000056360     0.004732     0.004720     30135684 
    0.600     0.000049827     0.004143     0.004148     30018905 
    0.700     0.000049388     0.004074     0.004095     29940388 
    0.800     0.000031164     0.002588     0.002590     29703539 
    0.900     0.000039147     0.003261     0.003261     29601896 
    1.000     0.000013672     0.001144     0.001139     29681345 
    1.100     0.000029499     0.002454     0.002447     29578331 
    1.200     0.000028255     0.002340     0.002341     29563533 
    1.300     0.000028741     0.002370     0.002367     29413318 
    1.400     0.000028561     0.002382     0.002372     29178594 
    1.500     0.000024103     0.002009     0.002005     29101351 
    1.600     0.000021719     0.001803     0.001801     29078517 
    1.700     0.000022330     0.001860     0.001858     28913600 
    1.800     0.000032290     0.002668     0.002676     28820747 
    1.900     0.000017070     0.001417     0.001416     28847970 
    2.000     0.000017106     0.001410     0.001416     28748228 
    2.100     0.000014582     0.001207     0.001210     28625467 
    2.200     0.000022546     0.001873     0.001882     28610603 
    2.300     0.000029221     0.002405     0.002413     28582445 
    2.400     0.000004989     0.000414     0.000416     28396320 
    2.500     0.000012514     0.001033     0.001037     28480391 
    2.600     0.000016892     0.001404     0.001407     28433166 
    2.700     0.000019200     0.001595     0.001591     28366731 
    2.800     0.000022345     0.001846     0.001846     28396933 
    2.900     0.000014063     0.001168     0.001165     28309553 
    3.000     0.000009618     0.000797     0.000798     28310956 
    3.100     0.000025026     0.002080     0.002072     28046934 
    3.200     0.000021959     0.001820     0.001812     28233236 
    3.300     0.000017484     0.001448     0.001451     28229971 
    3.400     0.000014856     0.001230     0.001233     28033727 
    3.500     0.000007260     0.000602     0.000602     28067122 
    3.600     0.000002991     0.000251     0.000249     27971312 
    3.700     0.000012082     0.001007     0.001005     27840421 
    3.800     0.000024894     0.002087     0.002078     27800130 
    3.900     0.000019701     0.001640     0.001632     27738765 
    4.000     0.000016577     0.001382     0.001374     27584767 
    4.100     0.000017570     0.001454     0.001456     27655859 
    4.200     0.000017406     0.001443     0.001441     27631304 
    4.300     0.000018421     0.001521     0.001520     27658088 
    4.400     0.000009809     0.000818     0.000814     27691764 
    4.500     0.000022227     0.001840     0.001843     27847278 
    4.600     0.000015207     0.001254     0.001257     27520646 
    4.700     0.000004100     0.000339     0.000338     27642581 
    4.800     0.000004920     0.000407     0.000406     27726856 
    4.900     0.000012923     0.001068     0.001072     27639841 
    5.000     0.000007530     0.000621     0.000622     27634922 
    5.100     0.000003040     0.000252     0.000251     27580306 
    5.200     0.000007342     0.000612     0.000610     27705408 
    5.300     0.000002162     0.000179     0.000179     27488274 
    5.400     0.000015694     0.001301     0.001297     27704400 
    5.500     0.000013942     0.001163     0.001160     27596574 
    5.600     0.000020910     0.001732     0.001726     27596953 
    5.700     0.000015576     0.001280     0.001281     27469895 
    5.800     0.000009702     0.000805     0.000803     27199170 
    5.900     0.000005055     0.000417     0.000417     27462361 
    6.000    -0.000005193    -0.000429    -0.000429     27570598 
    6.100     0.000000927     0.000077     0.000076     27576578 
    6.200     0.000018791     0.001547     0.001552     27650796 
    6.300     0.000022500     0.001856     0.001857     27681524 
    6.400     0.000016374     0.001360     0.001357     27581746 
    6.500     0.000005347     0.000441     0.000440     27536729 
    6.600     0.000000777     0.000064     0.000064     27551553 
    6.700     0.000002812     0.000233     0.000233     27203840 
    6.800     0.000012509     0.001026     0.001031     27204820 
    6.900     0.000001506     0.000124     0.000124     27130562 
    7.000     0.000023518     0.001947     0.001941     27462611 
    7.100     0.000012844     0.001067     0.001064     27321169 
    7.200     0.000010097     0.000841     0.000837     27646163 
    7.300     0.000013588     0.001125     0.001120     27359740 
    7.400     0.000013436     0.001112     0.001110     27421876 
    7.500     0.000022161     0.001853     0.001837     27404926 
    7.600     0.000014026     0.001157     0.001153     27206155 
    7.700     0.000002715     0.000225     0.000224     27280871 
    7.800     0.000006248     0.000517     0.000515     27346781 
    7.900     0.000001408     0.000117     0.000117     27105361 
    8.000     0.000002566     0.000212     0.000212     27370040 
    8.100     0.000002066     0.000171     0.000171     27273352 
    8.200     0.000007124     0.000587     0.000586     27334559 
    8.300     0.000008760     0.000721     0.000722     27241933 
    8.400     0.000011355     0.000941     0.000937     27346959 
    8.500     0.000011983     0.000989     0.000987     27314044 
    8.600     0.000014229     0.001172     0.001165     27278763 
    8.700     0.000006415     0.000529     0.000527     27063902 
    8.800     0.000005709     0.000472     0.000470     27265580 
    8.900     0.000003455     0.000286     0.000285     27247116 
    9.000     0.000008392     0.000698     0.000696     27202134 
    9.100     0.000004716     0.000388     0.000389     27139693 
    9.200     0.000009465     0.000781     0.000782     26993294 
    9.300     0.000006136     0.000507     0.000507     27196089 
    9.400     0.000005522     0.000455     0.000456     27151574 
    9.500     0.000012263     0.001005     0.001008     26980921 
    9.600     0.000005292     0.000438     0.000438     27195211 
    9.700     0.000002182     0.000182     0.000181     27087966 
    9.800     0.000007244     0.000600     0.000599     26916368 
    9.900     0.000008860     0.000731     0.000731     27079547 
   10.000     0.000001348     0.000112     0.000111     26956732 
   10.100     0.000015318     0.001265     0.001258     27023256 
   10.200     0.000019100     0.001573     0.001572     26955037 
   10.300     0.000018103     0.001483     0.001483     26956182 
   10.400     0.000013785     0.001138     0.001135     26859448 
   10.500     0.000014399     0.001190     0.001188     26723581 
   10.600     0.000016681     0.001390     0.001382     26895640 
   10.700     0.000011085     0.000922     0.000919     26859388 
   10.800     0.000015426     0.001286     0.001279     26792091 
   10.900     0.000006659     0.000548     0.000550     26770669 
   11.000     0.000007088     0.000586     0.000586     26690216 
   11.100     0.000003140     0.000259     0.000260     26647596 
   11.200     0.000003149     0.000260     0.000260     26563403 
   11.300     0.000001165     0.000096     0.000096     26768615 
   11.400     0.000013994     0.001151     0.001153     26781583 
   11.500     0.000012434     0.001022     0.001025     26796858 
   11.600     0.000005835     0.000484     0.000482     26805907 
   11.700     0.000002308     0.000191     0.000191     26619814 
   11.800    -0.000001239    -0.000102    -0.000102     26415800 
   11.900     0.000011061     0.000922     0.000922     26770150 
   12.000     0.000015202     0.001259     0.001258     26681486 
   12.100     0.000011947     0.000989     0.000991     26555267 
   12.200     0.000007454     0.000618     0.000617     26922419 
   12.300     0.000007613     0.000633     0.000632     26667259 
   12.400     0.000006868     0.000571     0.000570     26713343 
   12.500    -0.000005231    -0.000436    -0.000433     26738581 
   12.600    -0.000004066    -0.000339    -0.000337     26793816 
   12.700     0.000001816     0.000151     0.000150     26609371 
   12.800     0.000011445     0.000949     0.000946     26504726 
   12.900     0.000005034     0.000418     0.000417     26557013 
   13.000    -0.000000378    -0.000031    -0.000031     26223656 
   13.100     0.000012179     0.001010     0.001006     26378796 
   13.200     0.000005986     0.000498     0.000494     26295880 
   13.300     0.000007919     0.000658     0.000654     26422769 
   13.400     0.000008173     0.000678     0.000678     26287531 
   13.500     0.000009785     0.000808     0.000808     26263135 
   13.600     0.000006037     0.000499     0.000499     26275583 
   13.700     0.000008723     0.000725     0.000721     26307606 
   13.800     0.000013753     0.001141     0.001138     26339148 
   13.900     0.000010108     0.000833     0.000830     26119414 
   14.000     0.000020779     0.001697     0.001699     26320476 
   14.100     0.000005948     0.000490     0.000489     26146135 
   14.200     0.000009432     0.000779     0.000776     26226525 
   14.300     0.000017869     0.001472     0.001470     26286308 
   14.400    -0.000001177    -0.000097    -0.000097     26192146 
   14.500     0.000000830     0.000068     0.000068     26019174 
   14.600     0.000014623     0.001203     0.001206     26071149 
   14.700     0.000018390     0.001517     0.001517     26047695 
   14.800     0.000007599     0.000626     0.000627     26016154 
   14.900     0.000008515     0.000701     0.000701     26073529 
   15.000     0.000008821     0.000729     0.000726     25972899 
   15.100     0.000005933     0.000491     0.000490     26047308 
   15.200     0.000005693     0.000470     0.000470     26070687 
   15.300     0.000007496     0.000619     0.000621     26148665 
   15.400     0.000007211     0.000598     0.000597     26157013 
   15.500     0.000007140     0.000591     0.000589     26111291 
   15.600     0.000010645     0.000883     0.000878     26131137 
   15.700     0.000013337     0.001106     0.001100     25925191 
   15.800     0.000004775     0.000397     0.000395     25923265 
   15.900     0.000013723     0.001134     0.001130     26080940 
   16.000     0.000007014     0.000580     0.000577     25948534 
   16.100     0.000002616     0.000216     0.000216     26195761 
   16.200     0.000008190     0.000676     0.000678     26010287 
   16.300     0.000018090     0.001501     0.001496     25955005 
   16.400     0.000008397     0.000692     0.000692     26109343 
   16.500     0.000000504     0.000041     0.000041     26177206 
   16.600     0.000014185     0.001169     0.001169     26037462 
   16.700     0.000011043     0.000914     0.000910     26031861 
   16.800     0.000005883     0.000487     0.000484     26159884 
   16.900     0.000007663     0.000633     0.000632     25930304 
   17.000     0.000008376     0.000691     0.000692     26057480 
   17.100     0.000009988     0.000823     0.000826     26422013 
   17.200     0.000005409     0.000447     0.000446     26177197 
   17.300     0.000002655     0.000219     0.000219     26046024 
   17.400     0.000003982     0.000329     0.000329     25877051 
   17.500     0.000009505     0.000788     0.000788     25911337 
   17.600     0.000006916     0.000577     0.000574     25764743 
   17.700     0.000008965     0.000739     0.000741     25908329 
   17.800     0.000008149     0.000675     0.000675     26002350 
   17.900     0.000003559     0.000294     0.000294     26044513 
   18.000     0.000005348     0.000442     0.000442     25898585 
   18.100     0.000009383     0.000773     0.000773     25812546 
   18.200     0.000001449     0.000119     0.000120     26024346 
   18.300     0.000018110     0.001504     0.001498     26069684 
   18.400     0.000015317     0.001273     0.001268     25960789 
   18.500     0.000007469     0.000622     0.000619     25879381 
   18.600     0.000013211     0.001090     0.001087     25776475 
   18.700    -0.000004702    -0.000392    -0.000391     25914883 
   18.800    -0.000003466    -0.000289    -0.000288     26042616 
   18.900     0.000004279     0.000354     0.000353     25864603 
   19.000     0.000003342     0.000277     0.000275     25789555 
   19.100     0.000004663     0.000388     0.000385     25795553 
   19.200     0.000002512     0.000207     0.000207     25777318 
   19.300     0.000007798     0.000644     0.000640     25716128 
   19.400     0.000010500     0.000866     0.000866     25906196 
   19.500     0.000013094     0.001075     0.001078     25988187 
   19.600     0.000010034     0.000829     0.000828     25667914 
   19.700     0.000000970     0.000081     0.000080     25936713 
   19.800     0.000007271     0.000609     0.000604     25999651 
   19.900     0.000000724     0.000060     0.000059     25815523 
   20.000    -0.000000275    -0.000023    -0.000023     25728036 
   20.100     0.000010339     0.000864     0.000856     25708438 
   20.200     0.000003530     0.000293     0.000290     25646987 
   20.300    -0.000004632    -0.000382    -0.000381     25874729 
   20.400     0.000002265     0.000188     0.000187     25732044 
   20.500     0.000001798     0.000148     0.000148     25800282 
   20.600     0.000002357     0.000195     0.000194     25806509 
   20.700     0.000005853     0.000483     0.000482     25664013 
   20.800    -0.000011306    -0.000940    -0.000935     25518016 
   20.900    -0.000007796    -0.000647    -0.000645     25620442 
   21.000     0.000000749     0.000062     0.000062     25552748 
   21.100    -0.000002964    -0.000247    -0.000245     25355329 
   21.200     0.000008913     0.000736     0.000732     25603156 
   21.300     0.000010342     0.000852     0.000851     25357830 
   21.400     0.000007189     0.000593     0.000594     25529171 
   21.500     0.000001303     0.000108     0.000108     25621716 
   21.600    -0.000004417    -0.000366    -0.000365     25489320 
   21.700     0.000006354     0.000523     0.000523     25451951 
   21.800     0.000001329     0.000110     0.000110     25515708 
   21.900     0.000005640     0.000465     0.000464     25452951 
   22.000    -0.000000417    -0.000034    -0.000034     25314614 
   22.100     0.000005622     0.000459     0.000460     25170237 
   22.200    -0.000002081    -0.000171    -0.000170     25333361 
   22.300     0.000009392     0.000773     0.000775     25408972 
   22.400     0.000006634     0.000547     0.000546     25562713 
   22.500     0.000005482     0.000452     0.000451     25341169 
   22.600     0.000004858     0.000402     0.000400     25433787 
   22.700    -0.000003024    -0.000251    -0.000250     25534437 
   22.800     0.000006333     0.000521     0.000522     25513504 
   22.900     0.000002622     0.000215     0.000215     25237803 
   23.000    -0.000011312    -0.000931    -0.000933     25379003 
   23.100    -0.000013860    -0.001143    -0.001142     25334638 
   23.200    -0.000007135    -0.000590    -0.000588     25391995 
   23.300    -0.000001732    -0.000142    -0.000143     25366119 
   23.400    -0.000003417    -0.000281    -0.000281     25465725 
   23.500     0.000000483     0.000040     0.000040     25418265 
   23.600     0.000001165     0.000096     0.000096     25333478 
   23.700    -0.000004275    -0.000352    -0.000352     25229229 
   23.800    -0.000012390    -0.001025    -0.001020     25188206 
   23.900    -0.000003943    -0.000325    -0.000324     25178649 
   24.000     0.000002647     0.000217     0.000217     25119208 
   24.100    -0.000006611    -0.000546    -0.000545     25217708 
   24.200     0.000000079     0.000006     0.000006     25158738 
   24.300     0.000011117     0.000917     0.000912     25136304 
   24.400    -0.000000556    -0.000046    -0.000046     25348792 
   24.500     0.000006360     0.000525     0.000522     25278898 
   24.600     0.000004088     0.000335     0.000334     25378884 
   24.700     0.000002260     0.000187     0.000186     25352349 
   24.800    -0.000006318    -0.000521    -0.000518     25209885 
   24.900    -0.000010703    -0.000883    -0.000885     25131834 
   25.000    -0.000009837    -0.000813    -0.000812     25080216 
   25.100    -0.000004772    -0.000395    -0.000395     25183005 
   25.200    -0.000003164    -0.000262    -0.000261     25098075 
   25.300    -0.000005348    -0.000441    -0.000441     25153014 
   25.400    -0.000001957    -0.000162    -0.000161     25088113 
   25.500    -0.000013385    -0.001108    -0.001105     24979084 
   25.600    -0.000001609    -0.000132    -0.000132     24919018 
   25.700    -0.000010310    -0.000857    -0.000852     24857374 
   25.800     0.000011750     0.000967     0.000963     25030832 
   25.900     0.000001013     0.000084     0.000083     24810595 
   26.000     0.000007158     0.000592     0.000589     24859186 
   26.100    -0.000000055    -0.000005    -0.000005     24774677 
   26.200     0.000008683     0.000717     0.000715     24886101 
   26.300    -0.000002035    -0.000168    -0.000168     24699726 
   26.400     0.000007154     0.000592     0.000590     24801544 
   26.500     0.000001657     0.000137     0.000137     24850152 
   26.600    -0.000002816    -0.000234    -0.000233     24748044 
   26.700    -0.000002710    -0.000224    -0.000223     24655842 
   26.800    -0.000005544    -0.000457    -0.000456     24517261 
   26.900    -0.000006295    -0.000523    -0.000521     24613863 
   27.000     0.000002546     0.000211     0.000209     24573673 
   27.100    -0.000003757    -0.000312    -0.000310     24397995 
   27.200     0.000000205     0.000017     0.000017     24569460 
   27.300    -0.000001342    -0.000112    -0.000111     24416322 
   27.400    -0.000001821    -0.000151    -0.000150     24554535 
   27.500     0.000008671     0.000716     0.000711     24411924 
   27.600     0.000007127     0.000587     0.000585     24419586 
   27.700    -0.000009289    -0.000771    -0.000767     24544993 
   27.800     0.000007516     0.000624     0.000620     24490900 
   27.900    -0.000001406    -0.000115    -0.000116     24646031 
   28.000     0.000003029     0.000251     0.000251     24487630 
   28.100     0.000006812     0.000564     0.000562     24336437 
   28.200     0.000001822     0.000151     0.000151     24458905 
   28.300    -0.000000793    -0.000066    -0.000065     24432627 
   28.400    -0.000003602    -0.000297    -0.000295     24314498 
   28.500    -0.000003659    -0.000303    -0.000301     24207083 
   28.600     0.000001561     0.000129     0.000129     24307328 
   28.700    -0.000002924    -0.000241    -0.000241     24328062 
   28.800    -0.000006376    -0.000527    -0.000525     24591457 
   28.900    -0.000006893    -0.000570    -0.000570     24473097 
   29.000    -0.000002613    -0.000216    -0.000215     24382030 
   29.100    -0.000006607    -0.000546    -0.000544     24343159 
   29.200     0.000001845     0.000152     0.000151     24181045 
   29.300     0.000001799     0.000149     0.000147     24091706 
   29.400    -0.000007946    -0.000659    -0.000652     24457966 
   29.500     0.000010384     0.000858     0.000854     24263420 
   29.600    -0.000007493    -0.000622    -0.000618     24274394 
   29.700    -0.000004824    -0.000401    -0.000399     24110824 
   29.800     0.000008666     0.000717     0.000715     24104981 
   29.900     0.000000055     0.000005     0.000004     23956561 
   30.000     0.000003104     0.000257     0.000256     24158400 
   30.100     0.000009394     0.000775     0.000771     24138601 
   30.200    -0.000003478    -0.000286    -0.000286     24168523 
   30.300    -0.000011557    -0.000955    -0.000953     24469813 
   30.400    -0.000002948    -0.000243    -0.000242     24217874 
   30.500    -0.000008612    -0.000707    -0.000704     24078538 
   30.600    -0.000005306    -0.000438    -0.000435     24187624 
   30.700    -0.000005233    -0.000436    -0.000430     24233823 
   30.800     0.000007446     0.000618     0.000615     24018801 
   30.900     0.000002955     0.000243     0.000243     24032908 
   31.000     0.000009787     0.000811     0.000807     24059005 
   31.100     0.000004444     0.000367     0.000367     23994465 
   31.200     0.000011195     0.000931     0.000926     24208366 
   31.300    -0.000013098    -0.001085    -0.001078     23988581 
   31.400     0.000002633     0.000219     0.000217     24000935 
   31.500     0.000009221     0.000759     0.000760     23889674 
   31.600    -0.000002350    -0.000193    -0.000193     23966404 
   31.700     0.000002377     0.000197     0.000195     23768491 
   31.800     0.000002349     0.000194     0.000193     23653552 
   31.900     0.000009717     0.000805     0.000799     23801592 
   32.000     0.000003928     0.000328     0.000325     24086028 
   32.100     0.000002352     0.000193     0.000193     24116362 
   32.200     0.000003140     0.000259     0.000257     24047460 
   32.300    -0.000004674    -0.000387    -0.000384     23926272 
   32.400    -0.000005385    -0.000443    -0.000441     23885610 
   32.500     0.000011539     0.000955     0.000948     23868876 
   32.600     0.000000682     0.000056     0.000056     23714480 
   32.700    -0.000008139    -0.000673    -0.000667     23733717 
   32.800    -0.000000045    -0.000004    -0.000004     23825826 
   32.900    -0.000003953    -0.000327    -0.000325     23739177 
   33.000    -0.000012648    -0.001052    -0.001042     23608485 
   33.100    -0.000008858    -0.000738    -0.000731     23534930 
   33.200    -0.000005008    -0.000413    -0.000412     23517876 
   33.300    -0.000003417    -0.000284    -0.000281     23412986 
   33.400     0.000009164     0.000758     0.000753     23439067 
   33.500    -0.000005945    -0.000490    -0.000488     23470061 
   33.600     0.000002375     0.000196     0.000195     23577009 
   33.700    -0.000003543    -0.000293    -0.000291     23474141 
   33.800    -0.000005878    -0.000485    -0.000483     23498466 
   33.900    -0.000000162    -0.000013    -0.000013     23508818 
   34.000     0.000002031     0.000168     0.000167     23429351 
   34.100    -0.000001405    -0.000115    -0.000115     23366496 
   34.200    -0.000000722    -0.000060    -0.000060     23356833 
   34.300    -0.000003873    -0.000319    -0.000318     23405093 
   34.400    -0.000002263    -0.000186    -0.000186     23399908 
   34.500     0.000000705     0.000058     0.000058     23297015 
   34.600     0.000007866     0.000644     0.000644     23177534 
   34.700     0.000003968     0.000326     0.000325     23288671 
   34.800     0.000005921     0.000484     0.000485     23209372 
   34.900     0.000002075     0.000171     0.000170     23257604 
   35.000    -0.000000940    -0.000078    -0.000078     23172955 
   35.100     0.000000831     0.000069     0.000069     23315145 
   35.200    -0.000001149    -0.000095    -0.000095     23121890 
   35.300     0.000001441     0.000119     0.000119     23012074 
   35.400     0.000005073     0.000419     0.000417     23069328 
   35.500     0.000008502     0.000703     0.000699     23195127 
   35.600     0.000002935     0.000241     0.000241     23182245 
   35.700     0.000002542     0.000209     0.000210     23129935 
   35.800     0.000002183     0.000180     0.000179     22950794 
   35.900     0.000002655     0.000219     0.000219     23184008 
   36.000     0.000001214     0.000100     0.000100     23261844 
   36.100    -0.000011024    -0.000910    -0.000907     23080897 
   36.200     0.000002317     0.000190     0.000190     23221378 
   36.300     0.000001589     0.000131     0.000131     23109462 
   36.400    -0.000001151    -0.000095    -0.000095     22872857 
   36.500     0.000006141     0.000505     0.000505     22905496 
   36.600     0.000005856     0.000483     0.000481     22753467 
   36.700     0.000006640     0.000555     0.000550     22736459 
   36.800     0.000009020     0.000742     0.000741     22840825 
   36.900    -0.000002653    -0.000220    -0.000218     22962859 
   37.000     0.000005456     0.000449     0.000449     22818029 
   37.100     0.000012100     0.000997     0.000995     22706974 
   37.200    -0.000011437    -0.000946    -0.000944     22740516 
   37.300    -0.000001231    -0.000102    -0.000102     22769258 
   37.400    -0.000005924    -0.000489    -0.000488     22952523 
   37.500    -0.000011216    -0.000926    -0.000925     22733529 
   37.600    -0.000005741    -0.000474    -0.000475     22745319 
   37.700     0.000007026     0.000585     0.000582     22942468 
   37.800     0.000003624     0.000301     0.000298     22835813 
   37.900     0.000008020     0.000661     0.000656     23028740 
   38.000     0.000010750     0.000889     0.000882     22825390 
   38.100    -0.000012802    -0.001050    -0.001053     22811559 
   38.200    -0.000002180    -0.000179    -0.000179     22986672 
   38.300    -0.000008151    -0.000670    -0.000669     22627487 
   38.400    -0.000000092    -0.000008    -0.000008     22578442 
   38.500    -0.000002028    -0.000167    -0.000167     22746394 
   38.600     0.000006230     0.000516     0.000516     22902438 
   38.700    -0.000008272    -0.000683    -0.000680     22867321 
   38.800     0.000010924     0.000895     0.000896     22717170 
   38.900    -0.000011860    -0.000979    -0.000976     22787815 
   39.000    -0.000007296    -0.000599    -0.000594     22849518 
   39.100    -0.000007058    -0.000578    -0.000577     22709915 
   39.200    -0.000006608    -0.000545    -0.000542     22808677 
   39.300    -0.000010110    -0.000832    -0.000828     22783132 
   39.400     0.000000576     0.000048     0.000047     22793253 
   39.500     0.000006569     0.000543     0.000541     22711259 
   39.600     0.000000006     0.000001     0.000001     22770584 
   39.700    -0.000002605    -0.000213    -0.000214     22745399 
   39.800    -0.000007032    -0.000581    -0.000581     22582585 
   39.900     0.000007048     0.000586     0.000581     22568232 
   40.000     0.000002655     0.000219     0.000218     22366546 
   40.100     0.000006972     0.000572     0.000570     22394705 
   40.200    -0.000004688    -0.000391    -0.000389     22432792 
   40.300    -0.000008482    -0.000699    -0.000698     22505225 
   40.400     0.000009684     0.000792     0.000797     22607451 
   40.500    -0.000001997    -0.000166    -0.000164     22472391 
   40.600    -0.000003976    -0.000328    -0.000325     22391092 
   40.700    -0.000000626    -0.000052    -0.000052     22372425 
   40.800    -0.000001179    -0.000097    -0.000097     22437858 
   40.900     0.000010688     0.000874     0.000877     22311544 
   41.000    -0.000002530    -0.000209    -0.000208     22266882 
   41.100     0.000001908     0.000158     0.000157     22194906 
   41.200     0.000001023     0.000085     0.000085     22356604 
   41.300     0.000002999     0.000246     0.000246     22317176 
   41.400     0.000004808     0.000397     0.000396     22251070 
   41.500    -0.000012609    -0.001048    -0.001037     22212218 
   41.600     0.000001767     0.000145     0.000144     22427696 
   41.700    -0.000005016    -0.000411    -0.000409     22358211 
   41.800     0.000007260     0.000599     0.000596     22417791 
   41.900     0.000010379     0.000859     0.000855     22213833 
   42.000    -0.000003886    -0.000324    -0.000322     22053640 
   42.100    -0.000003351    -0.000278    -0.000277     22060365 
   42.200     0.000003359     0.000279     0.000277     21844819 
   42.300     0.000001185     0.000098     0.000097     21996782 
   42.400    -0.000000319    -0.000026    -0.000026     22106687 
   42.500    -0.000002374    -0.000196    -0.000196     22201887 
   42.600     0.000007950     0.000662     0.000658     22004463 
   42.700    -0.000006401    -0.000534    -0.000529     22043808 
   42.800    -0.000005127    -0.000426    -0.000423     22082994 
   42.900    -0.000009709    -0.000807    -0.000800     21908226 
   43.000     0.000003717     0.000310     0.000308     22052638 
   43.100    -0.000002492    -0.000207    -0.000207     21882825 
   43.200    -0.000000285    -0.000024    -0.000023     21698773 
   43.300     0.000001103     0.000093     0.000092     21703574 
   43.400    -0.000014125    -0.001174    -0.001166     21778690 
   43.500    -0.000007975    -0.000664    -0.000658     21814817 
   43.600    -0.000008058    -0.000672    -0.000665     21660965 
   43.700     0.000002007     0.000167     0.000166     21708454 
   43.800    -0.000007691    -0.000638    -0.000632     21728868 
   43.900    -0.000002567    -0.000215    -0.000212     21751652 
   44.000    -0.000000679    -0.000056    -0.000056     21699551 
   44.100     0.000005402     0.000450     0.000446     21738882 
   44.200     0.000001278     0.000107     0.000105     21518031 
   44.300    -0.000003221    -0.000269    -0.000266     21719975 
   44.400     0.000004128     0.000344     0.000341     21680856 
   44.500     0.000006828     0.000569     0.000564     21372585 
   44.600    -0.000007718    -0.000635    -0.000633     21368363 
   44.700    -0.000007040    -0.000582    -0.000577     21411352 
   44.800    -0.000012158    -0.001010    -0.001004     21490968 
   44.900    -0.000005798    -0.000479    -0.000476     21371801 
   45.000    -0.000017224    -0.001420    -0.001412     21363876 
   45.100    -0.000006496    -0.000539    -0.000533     21411987 
   45.200     0.000002787     0.000231     0.000229     21282055 
   45.300    -0.000002531    -0.000209    -0.000208     21301656 
   45.400    -0.000003577    -0.000297    -0.000295     21155909 
   45.500    -0.000005355    -0.000446    -0.000442     21265664 
   45.600    -0.000008682    -0.000717    -0.000714     21167921 
   45.700    -0.000006139    -0.000507    -0.000505     21092390 
   45.800    -0.000015613    -0.001286    -0.001286     21110234 
   45.900    -0.000003831    -0.000318    -0.000315     21458481 
   46.000    -0.000007509    -0.000625    -0.000619     21153741 
   46.100    -0.000001958    -0.000162    -0.000162     21256792 
   46.200    -0.000000425    -0.000035    -0.000035     21030082 
   46.300    -0.000012860    -0.001064    -0.001063     21085677 
   46.400    -0.000005155    -0.000426    -0.000424     21182901 
   46.500    -0.000003328    -0.000274    -0.000274     21098384 
   46.600    -0.000000859    -0.000071    -0.000071     21056580 
   46.700     0.000001986     0.000163     0.000163     21137396 
   46.800     0.000006670     0.000553     0.000550     21131818 
   46.900     0.000003958     0.000327     0.000324     20971250 
   47.000    -0.000003737    -0.000309    -0.000307     20914047 
   47.100    -0.000007416    -0.000613    -0.000609     21003176 
   47.200    -0.000006714    -0.000559    -0.000553     20871935 
   47.300    -0.000003676    -0.000304    -0.000301     20699988 
   47.400    -0.000001920    -0.000159    -0.000158     20790004 
   47.500    -0.000005134    -0.000422    -0.000423     20771804 
   47.600    -0.000009933    -0.000816    -0.000818     20674078 
   47.700     0.000001906     0.000157     0.000157     20833200 
   47.800    -0.000010880    -0.000893    -0.000891     20855656 
   47.900    -0.000009563    -0.000793    -0.000788     20531672 
   48.000    -0.000006165    -0.000512    -0.000509     20625817 
   48.100    -0.000003296    -0.000272    -0.000271     20691818 
   48.200    -0.000006127    -0.000509    -0.000506     20587737 
   48.300     0.000005851     0.000479     0.000478     20655702 
   48.400    -0.000010369    -0.000854    -0.000851     20491160 
   48.500    -0.000009581    -0.000786    -0.000787     20558975 
   48.600    -0.000004881    -0.000405    -0.000404     20628090 
   48.700     0.000007865     0.000651     0.000649     20494145 
   48.800     0.000004234     0.000347     0.000347     20440648 
   48.900    -0.000006004    -0.000494    -0.000494     20445662 
   49.000    -0.000007610    -0.000632    -0.000628     20531799 
   49.100    -0.000000342    -0.000028    -0.000028     20336772 
   49.200    -0.000001519    -0.000125    -0.000125     20331868 
   49.300     0.000001520     0.000126     0.000125     20213905 
   49.400     0.000001046     0.000087     0.000086     20274140 
   49.500     0.000001393     0.000114     0.000114     20388193 
   49.600    -0.000010328    -0.000849    -0.000846     20699628 
   49.700    -0.000007684    -0.000634    -0.000634     20673004 
   49.800    -0.000006082    -0.000501    -0.000501     20400894 
   49.900     0.000009004     0.000740     0.000740     20266337 
   50.000     0.000011098     0.000921     0.000918     20207642 
