 ##Z-score and correlation:: Koken_MLBA_o2  binsize:     0.001000
    0.100     0.000670675     0.043410     0.043384     12928679 
    0.200     0.000150375     0.009745     0.009722     10996745 
    0.300     0.000115210     0.007466     0.007436     10938387 
    0.400     0.000105614     0.006899     0.006871     10791296 
    0.500     0.000060753     0.003985     0.003977     10671204 
    0.600     0.000076846     0.004991     0.004992     10653068 
    0.700     0.000046016     0.002992     0.002990     10634222 
    0.800     0.000057635     0.003759     0.003749     10537788 
    0.900     0.000040300     0.002630     0.002621     10463800 
    1.000     0.000048794     0.003186     0.003161     10519831 
    1.100     0.000032028     0.002099     0.002081     10474042 
    1.200     0.000044893     0.002919     0.002908     10495874 
    1.300     0.000039727     0.002569     0.002559     10439052 
    1.400     0.000046623     0.003035     0.003023     10337833 
    1.500     0.000045408     0.002961     0.002951     10323735 
    1.600     0.000056911     0.003720     0.003693     10333072 
    1.700     0.000039599     0.002582     0.002576     10259849 
    1.800     0.000054026     0.003519     0.003515     10224603 
    1.900     0.000057622     0.003737     0.003746     10229869 
    2.000     0.000065391     0.004242     0.004240     10201292 
    2.100     0.000052914     0.003447     0.003448     10166475 
    2.200     0.000048873     0.003174     0.003183     10160132 
    2.300     0.000066322     0.004293     0.004293     10138459 
    2.400     0.000042183     0.002744     0.002742     10073985 
    2.500     0.000066415     0.004285     0.004302     10103360 
    2.600     0.000040608     0.002631     0.002631     10096876 
    2.700     0.000063470     0.004115     0.004101     10058697 
    2.800     0.000045324     0.002948     0.002943     10067547 
    2.900     0.000028670     0.001861     0.001858     10038579 
    3.000     0.000005913     0.000383     0.000383     10025576 
    3.100     0.000021602     0.001401     0.001397      9954214 
    3.200     0.000049131     0.003188     0.003176     10016647 
    3.300     0.000045606     0.002959     0.002949     10024253 
    3.400     0.000041352     0.002693     0.002677      9948902 
    3.500     0.000027051     0.001760     0.001757      9969956 
    3.600     0.000028983     0.001900     0.001888      9944190 
    3.700     0.000031168     0.002035     0.002033      9887425 
    3.800     0.000036523     0.002390     0.002383      9858823 
    3.900     0.000044596     0.002899     0.002891      9839160 
    4.000     0.000028528     0.001851     0.001851      9827429 
    4.100     0.000047909     0.003093     0.003097      9824677 
    4.200     0.000039421     0.002552     0.002543      9822609 
    4.300     0.000061078     0.003960     0.003939      9816737 
    4.400     0.000025210     0.001639     0.001634      9821510 
    4.500     0.000070504     0.004597     0.004580      9856115 
    4.600     0.000058881     0.003820     0.003825      9752322 
    4.700     0.000045100     0.002930     0.002917      9815630 
    4.800     0.000051894     0.003356     0.003348      9863491 
    4.900     0.000035064     0.002275     0.002280      9822634 
    5.000     0.000040621     0.002634     0.002629      9838909 
    5.100    -0.000000020    -0.000001    -0.000001      9802502 
    5.200     0.000038720     0.002521     0.002502      9846616 
    5.300     0.000036155     0.002348     0.002334      9754797 
    5.400     0.000043673     0.002821     0.002808      9856274 
    5.500     0.000034285     0.002241     0.002229      9796078 
    5.600     0.000063834     0.004139     0.004120      9786069 
    5.700     0.000048407     0.003128     0.003121      9758784 
    5.800     0.000036167     0.002353     0.002342      9676084 
    5.900     0.000027200     0.001766     0.001763      9752357 
    6.000     0.000047886     0.003094     0.003083      9778995 
    6.100     0.000030377     0.001978     0.001967      9788045 
    6.200    -0.000004242    -0.000277    -0.000276      9824509 
    6.300     0.000031716     0.002068     0.002058      9830887 
    6.400     0.000050141     0.003264     0.003251      9790160 
    6.500     0.000014045     0.000911     0.000907      9781220 
    6.600     0.000031432     0.002059     0.002042      9788532 
    6.700     0.000041324     0.002683     0.002678      9665850 
    6.800     0.000045989     0.002961     0.002976      9676190 
    6.900     0.000024300     0.001567     0.001570      9642438 
    7.000     0.000006549     0.000425     0.000424      9768765 
    7.100     0.000014487     0.000938     0.000935      9711417 
    7.200     0.000015640     0.001015     0.001013      9834610 
    7.300     0.000037819     0.002445     0.002437      9725888 
    7.400     0.000023252     0.001511     0.001506      9738549 
    7.500    -0.000001518    -0.000099    -0.000098      9751487 
    7.600     0.000010365     0.000674     0.000668      9673733 
    7.700     0.000015565     0.001014     0.001005      9690572 
    7.800     0.000038506     0.002490     0.002476      9733128 
    7.900     0.000042218     0.002725     0.002721      9651296 
    8.000     0.000046128     0.002975     0.002972      9740435 
    8.100     0.000048529     0.003122     0.003118      9706586 
    8.200     0.000036775     0.002382     0.002369      9726123 
    8.300     0.000028491     0.001849     0.001842      9714709 
    8.400     0.000024726     0.001597     0.001596      9742860 
    8.500     0.000009711     0.000626     0.000624      9726781 
    8.600     0.000032756     0.002110     0.002096      9704970 
    8.700     0.000010466     0.000677     0.000671      9636606 
    8.800     0.000033154     0.002150     0.002129      9698028 
    8.900     0.000022928     0.001495     0.001481      9688969 
    9.000     0.000014292     0.000930     0.000925      9674558 
    9.100     0.000026227     0.001698     0.001695      9653329 
    9.200     0.000036557     0.002365     0.002363      9617220 
    9.300     0.000018332     0.001195     0.001191      9653161 
    9.400     0.000038564     0.002493     0.002482      9664468 
    9.500     0.000058348     0.003760     0.003747      9602415 
    9.600     0.000005969     0.000386     0.000385      9648898 
    9.700     0.000024844     0.001624     0.001609      9625637 
    9.800     0.000007320     0.000473     0.000471      9579608 
    9.900     0.000002084     0.000135     0.000135      9634604 
   10.000     0.000041956     0.002705     0.002698      9576179 
   10.100     0.000040375     0.002608     0.002596      9629564 
   10.200     0.000022972     0.001477     0.001475      9608698 
   10.300     0.000064145     0.004138     0.004116      9607194 
   10.400     0.000026946     0.001747     0.001738      9566848 
   10.500     0.000032135     0.002077     0.002071      9513880 
   10.600     0.000009125     0.000592     0.000590      9566935 
   10.700     0.000028169     0.001851     0.001827      9527978 
   10.800     0.000042863     0.002797     0.002782      9526473 
   10.900     0.000016387     0.001061     0.001056      9509661 
   11.000    -0.000003192    -0.000206    -0.000206      9524650 
   11.100     0.000009920     0.000642     0.000641      9479349 
   11.200     0.000010034     0.000648     0.000646      9472574 
   11.300     0.000031578     0.002031     0.002023      9524094 
   11.400     0.000043364     0.002788     0.002787      9525072 
   11.500     0.000007804     0.000503     0.000503      9560764 
   11.600     0.000041482     0.002671     0.002662      9552112 
   11.700     0.000040357     0.002600     0.002601      9470946 
   11.800     0.000004963     0.000321     0.000321      9391417 
   11.900     0.000010284     0.000670     0.000668      9528285 
   12.000     0.000013017     0.000841     0.000841      9500532 
   12.100     0.000029729     0.001935     0.001932      9455332 
   12.200     0.000013497     0.000873     0.000872      9558596 
   12.300     0.000019430     0.001262     0.001258      9483525 
   12.400     0.000052767     0.003444     0.003430      9492605 
   12.500     0.000045849     0.002993     0.002959      9538131 
   12.600     0.000038125     0.002467     0.002453      9531098 
   12.700     0.000052213     0.003416     0.003376      9462575 
   12.800     0.000049633     0.003246     0.003206      9437472 
   12.900     0.000051058     0.003333     0.003300      9461976 
   13.000     0.000053977     0.003515     0.003480      9335687 
   13.100     0.000015037     0.000979     0.000970      9390619 
   13.200     0.000012851     0.000834     0.000832      9369419 
   13.300     0.000037036     0.002413     0.002407      9385052 
   13.400     0.000037870     0.002465     0.002461      9354230 
   13.500     0.000033433     0.002165     0.002161      9355592 
   13.600     0.000053496     0.003495     0.003482      9359423 
   13.700     0.000021789     0.001420     0.001411      9354119 
   13.800     0.000024323     0.001588     0.001582      9366955 
   13.900     0.000043759     0.002822     0.002817      9290237 
   14.000     0.000023818     0.001526     0.001528      9351573 
   14.100     0.000029235     0.001888     0.001886      9331037 
   14.200     0.000028557     0.001861     0.001849      9311786 
   14.300     0.000046587     0.003006     0.002993      9345752 
   14.400     0.000030845     0.001997     0.001983      9331133 
   14.500     0.000037121     0.002399     0.002386      9291058 
   14.600     0.000016666     0.001080     0.001078      9281941 
   14.700     0.000012928     0.000838     0.000836      9272069 
   14.800     0.000055703     0.003598     0.003588      9263344 
   14.900     0.000074391     0.004810     0.004785      9290086 
   15.000     0.000050101     0.003250     0.003226      9254423 
   15.100     0.000007216     0.000469     0.000465      9263602 
   15.200     0.000040935     0.002640     0.002634      9277303 
   15.300     0.000010991     0.000716     0.000712      9329332 
   15.400     0.000030569     0.001979     0.001968      9318205 
   15.500     0.000046365     0.003005     0.002990      9295693 
   15.600     0.000030720     0.001999     0.001986      9301111 
   15.700     0.000047242     0.003068     0.003044      9229001 
   15.800     0.000043848     0.002836     0.002823      9245421 
   15.900     0.000033746     0.002189     0.002174      9297207 
   16.000     0.000020112     0.001306     0.001298      9252288 
   16.100     0.000020632     0.001324     0.001330      9340798 
   16.200     0.000035462     0.002298     0.002300      9285022 
   16.300     0.000048802     0.003151     0.003146      9250649 
   16.400     0.000019908     0.001285     0.001282      9314105 
   16.500     0.000041383     0.002666     0.002657      9314481 
   16.600     0.000035581     0.002305     0.002292      9276529 
   16.700     0.000022300     0.001438     0.001435      9244264 
   16.800     0.000046630     0.003027     0.003007      9287725 
   16.900     0.000017809     0.001154     0.001150      9226117 
   17.000     0.000027823     0.001804     0.001796      9274980 
   17.100     0.000001667     0.000108     0.000108      9415640 
   17.200     0.000012033     0.000778     0.000777      9310509 
   17.300     0.000008778     0.000569     0.000566      9282603 
   17.400     0.000026167     0.001694     0.001689      9237995 
   17.500     0.000021530     0.001395     0.001392      9214253 
   17.600     0.000033604     0.002200     0.002186      9170689 
   17.700     0.000011803     0.000764     0.000762      9243573 
   17.800     0.000003685     0.000238     0.000239      9281391 
   17.900    -0.000002726    -0.000177    -0.000177      9265669 
   18.000     0.000019217     0.001237     0.001238      9210319 
   18.100     0.000016757     0.001080     0.001079      9193097 
   18.200     0.000017626     0.001136     0.001136      9271645 
   18.300     0.000026394     0.001709     0.001703      9284837 
   18.400     0.000015905     0.001031     0.001028      9256405 
   18.500     0.000026706     0.001737     0.001729      9224396 
   18.600     0.000045421     0.002938     0.002937      9168285 
   18.700     0.000015280     0.000995     0.000992      9236597 
   18.800     0.000009413     0.000611     0.000610      9266462 
   18.900     0.000021836     0.001413     0.001407      9214024 
   19.000     0.000025976     0.001690     0.001679      9186035 
   19.100     0.000040536     0.002643     0.002618      9183913 
   19.200     0.000038099     0.002464     0.002453      9183338 
   19.300     0.000039132     0.002536     0.002521      9166742 
   19.400     0.000018299     0.001186     0.001181      9234456 
   19.500     0.000019780     0.001274     0.001274      9229642 
   19.600     0.000034889     0.002233     0.002233      9132683 
   19.700     0.000034361     0.002226     0.002216      9217381 
   19.800     0.000029047     0.001894     0.001880      9220888 
   19.900     0.000031320     0.002015     0.002006      9179097 
   20.000     0.000018966     0.001234     0.001224      9142109 
   20.100     0.000009429     0.000613     0.000608      9147776 
   20.200    -0.000000383    -0.000025    -0.000025      9115245 
   20.300     0.000039576     0.002561     0.002552      9198576 
   20.400     0.000024793     0.001604     0.001600      9173177 
   20.500     0.000033721     0.002173     0.002164      9197218 
   20.600     0.000034593     0.002247     0.002233      9181397 
   20.700     0.000056398     0.003657     0.003642      9153095 
   20.800     0.000062932     0.004114     0.004080      9094441 
   20.900     0.000031072     0.002014     0.002003      9138512 
   21.000     0.000005465     0.000354     0.000353      9103454 
   21.100     0.000038643     0.002517     0.002495      9038998 
   21.200     0.000029081     0.001893     0.001882      9125564 
   21.300     0.000023463     0.001516     0.001514      9042351 
   21.400    -0.000003556    -0.000231    -0.000230      9082568 
   21.500    -0.000007477    -0.000485    -0.000482      9124212 
   21.600     0.000003763     0.000243     0.000243      9082582 
   21.700     0.000001756     0.000113     0.000113      9065277 
   21.800     0.000034721     0.002241     0.002235      9105387 
   21.900     0.000043751     0.002832     0.002824      9055193 
   22.000     0.000030450     0.001976     0.001968      9018385 
   22.100     0.000031163     0.001991     0.001998      8961142 
   22.200     0.000030788     0.001984     0.001978      9009802 
   22.300     0.000039314     0.002541     0.002542      9049369 
   22.400     0.000010939     0.000711     0.000707      9092078 
   22.500     0.000001897     0.000122     0.000122      9032778 
   22.600     0.000025132     0.001625     0.001616      9032579 
   22.700     0.000046775     0.003036     0.003020      9058006 
   22.800     0.000024713     0.001586     0.001586      9091526 
   22.900     0.000017660     0.001134     0.001136      9001055 
   23.000     0.000013984     0.000903     0.000904      9050034 
   23.100     0.000037134     0.002397     0.002392      9026953 
   23.200     0.000038144     0.002447     0.002448      9040530 
   23.300     0.000033937     0.002182     0.002191      9031987 
   23.400     0.000062703     0.004046     0.004034      9075896 
   23.500     0.000021543     0.001391     0.001386      9063174 
   23.600     0.000016631     0.001067     0.001068      9024105 
   23.700     0.000030237     0.001949     0.001950      8987383 
   23.800     0.000011905     0.000771     0.000768      8983069 
   23.900     0.000022743     0.001462     0.001462      8979274 
   24.000     0.000015726     0.001014     0.001014      8950588 
   24.100    -0.000018410    -0.001188    -0.001185      8979212 
   24.200    -0.000005150    -0.000330    -0.000330      8959137 
   24.300     0.000027114     0.001739     0.001726      8953163 
   24.400     0.000035160     0.002263     0.002253      9045272 
   24.500     0.000019081     0.001227     0.001221      9003185 
   24.600     0.000054803     0.003537     0.003522      9023192 
   24.700     0.000017542     0.001132     0.001128      9016172 
   24.800     0.000016022     0.001036     0.001026      8990559 
   24.900     0.000010736     0.000695     0.000692      8931874 
   25.000     0.000025765     0.001671     0.001666      8944778 
   25.100     0.000015334     0.000995     0.000988      8956622 
   25.200     0.000001340     0.000087     0.000087      8938244 
   25.300     0.000032528     0.002088     0.002085      8968115 
   25.400     0.000039957     0.002583     0.002568      8953946 
   25.500     0.000001709     0.000111     0.000110      8916532 
   25.600     0.000010404     0.000672     0.000666      8892351 
   25.700     0.000029801     0.001939     0.001915      8846881 
   25.800     0.000029882     0.001940     0.001921      8928761 
   25.900     0.000043139     0.002819     0.002789      8846207 
   26.000     0.000005855     0.000378     0.000376      8859805 
   26.100     0.000026691     0.001728     0.001721      8829794 
   26.200     0.000025279     0.001632     0.001618      8857526 
   26.300     0.000027073     0.001740     0.001732      8800107 
   26.400     0.000045263     0.002922     0.002913      8838799 
   26.500     0.000034211     0.002216     0.002201      8874937 
   26.600     0.000015535     0.001004     0.000999      8830144 
   26.700     0.000017504     0.001135     0.001126      8804079 
   26.800     0.000024224     0.001563     0.001553      8740457 
   26.900     0.000020516     0.001328     0.001316      8768319 
   27.000     0.000034692     0.002247     0.002232      8745444 
   27.100     0.000009911     0.000641     0.000637      8685591 
   27.200     0.000003998     0.000260     0.000258      8762417 
   27.300    -0.000005645    -0.000365    -0.000361      8710792 
   27.400     0.000008123     0.000523     0.000519      8744441 
   27.500     0.000037952     0.002446     0.002417      8716797 
   27.600    -0.000001414    -0.000091    -0.000090      8693304 
   27.700     0.000009126     0.000586     0.000586      8737436 
   27.800     0.000017668     0.001134     0.001130      8737322 
   27.900    -0.000006468    -0.000412    -0.000411      8793119 
   28.000     0.000006915     0.000443     0.000443      8737484 
   28.100     0.000021788     0.001389     0.001392      8689468 
   28.200     0.000000377     0.000024     0.000024      8737673 
   28.300     0.000005587     0.000358     0.000356      8726137 
   28.400     0.000024274     0.001548     0.001544      8678879 
   28.500     0.000044479     0.002841     0.002834      8625574 
   28.600     0.000005409     0.000349     0.000347      8664050 
   28.700    -0.000005245    -0.000334    -0.000334      8690913 
   28.800     0.000001939     0.000125     0.000124      8775003 
   28.900     0.000011078     0.000714     0.000710      8733412 
   29.000    -0.000021935    -0.001406    -0.001401      8705509 
   29.100    -0.000009878    -0.000634    -0.000631      8680507 
   29.200     0.000022579     0.001446     0.001440      8618559 
   29.300     0.000025985     0.001673     0.001654      8609117 
   29.400    -0.000011524    -0.000743    -0.000737      8719697 
   29.500    -0.000008353    -0.000538    -0.000534      8667202 
   29.600     0.000010192     0.000659     0.000654      8659186 
   29.700     0.000020704     0.001333     0.001328      8595792 
   29.800     0.000043603     0.002808     0.002807      8614322 
   29.900     0.000051711     0.003323     0.003308      8548724 
   30.000     0.000045085     0.002910     0.002892      8595429 
   30.100     0.000068259     0.004411     0.004390      8597532 
   30.200    -0.000000140    -0.000009    -0.000009      8619250 
   30.300     0.000009551     0.000622     0.000616      8725536 
   30.400     0.000019090     0.001227     0.001221      8641024 
   30.500     0.000029071     0.001874     0.001866      8589701 
   30.600     0.000032272     0.002084     0.002075      8615000 
   30.700     0.000005601     0.000364     0.000359      8657310 
   30.800     0.000015944     0.001031     0.001023      8592761 
   30.900     0.000015258     0.000986     0.000978      8587640 
   31.000     0.000022077     0.001433     0.001413      8591780 
   31.100     0.000002137     0.000139     0.000137      8558315 
   31.200     0.000031003     0.002001     0.001995      8644975 
   31.300     0.000015074     0.000980     0.000972      8560871 
   31.400    -0.000004579    -0.000297    -0.000295      8556739 
   31.500     0.000003191     0.000206     0.000205      8525668 
   31.600     0.000034422     0.002214     0.002208      8543855 
   31.700     0.000009245     0.000598     0.000593      8475432 
   31.800    -0.000002397    -0.000156    -0.000154      8454700 
   31.900     0.000010498     0.000680     0.000676      8488816 
   32.000     0.000000135     0.000009     0.000009      8580476 
   32.100     0.000028905     0.001873     0.001858      8595561 
   32.200     0.000055652     0.003606     0.003570      8568181 
   32.300     0.000029313     0.001896     0.001881      8535678 
   32.400     0.000008962     0.000579     0.000575      8525297 
   32.500     0.000038670     0.002511     0.002486      8518374 
   32.600     0.000002484     0.000161     0.000160      8468233 
   32.700     0.000009232     0.000599     0.000593      8464094 
   32.800     0.000019813     0.001287     0.001274      8484437 
   32.900     0.000017535     0.001137     0.001127      8475145 
   33.000     0.000012177     0.000789     0.000781      8445636 
   33.100     0.000010898     0.000713     0.000701      8380843 
   33.200     0.000010074     0.000650     0.000645      8394848 
   33.300    -0.000018885    -0.001231    -0.001215      8347123 
   33.400     0.000001648     0.000107     0.000106      8358053 
   33.500     0.000028843     0.001867     0.001851      8370340 
   33.600    -0.000005579    -0.000366    -0.000359      8399007 
   33.700    -0.000020819    -0.001340    -0.001325      8371224 
   33.800     0.000022106     0.001433     0.001421      8386989 
   33.900     0.000003553     0.000229     0.000226      8385735 
   34.000     0.000036874     0.002381     0.002363      8351360 
   34.100     0.000014907     0.000962     0.000955      8328067 
   34.200     0.000010088     0.000654     0.000650      8331561 
   34.300     0.000018452     0.001200     0.001183      8349295 
   34.400    -0.000003424    -0.000221    -0.000220      8352044 
   34.500     0.000010051     0.000652     0.000648      8320068 
   34.600     0.000040593     0.002634     0.002607      8262124 
   34.700     0.000008918     0.000574     0.000570      8299183 
   34.800     0.000003950     0.000255     0.000253      8262757 
   34.900     0.000015518     0.001000     0.000996      8300723 
   35.000    -0.000010697    -0.000696    -0.000689      8252816 
   35.100     0.000019990     0.001294     0.001290      8317662 
   35.200     0.000031363     0.002047     0.002024      8248780 
   35.300     0.000005333     0.000343     0.000343      8208872 
   35.400     0.000011322     0.000728     0.000726      8194142 
   35.500     0.000012144     0.000787     0.000779      8271397 
   35.600    -0.000002079    -0.000135    -0.000134      8260264 
   35.700    -0.000002783    -0.000180    -0.000179      8232621 
   35.800     0.000003245     0.000210     0.000208      8166682 
   35.900     0.000018410     0.001187     0.001180      8266237 
   36.000    -0.000019660    -0.001268    -0.001259      8313168 
   36.100     0.000008987     0.000582     0.000577      8236271 
   36.200     0.000010914     0.000705     0.000701      8259688 
   36.300    -0.000007259    -0.000470    -0.000466      8218569 
   36.400     0.000048516     0.003135     0.003115      8146907 
   36.500     0.000029034     0.001875     0.001866      8152981 
   36.600     0.000013637     0.000886     0.000877      8103395 
   36.700     0.000013860     0.000898     0.000893      8110496 
   36.800     0.000026149     0.001688     0.001682      8162513 
   36.900     0.000007563     0.000489     0.000484      8182740 
   37.000     0.000017139     0.001105     0.001099      8125411 
   37.100    -0.000003335    -0.000215    -0.000214      8090349 
   37.200     0.000005090     0.000331     0.000329      8093211 
   37.300     0.000012480     0.000815     0.000807      8094709 
   37.400     0.000016826     0.001086     0.001080      8146913 
   37.500     0.000023990     0.001551     0.001539      8085979 
   37.600     0.000003234     0.000210     0.000208      8068277 
   37.700     0.000015363     0.001003     0.000992      8178222 
   37.800     0.000023720     0.001534     0.001523      8125089 
   37.900     0.000029341     0.001893     0.001877      8195348 
   38.000     0.000042320     0.002718     0.002702      8125528 
   38.100    -0.000007830    -0.000503    -0.000501      8146428 
   38.200     0.000002503     0.000162     0.000161      8182290 
   38.300     0.000033972     0.002187     0.002179      8061947 
   38.400     0.000002001     0.000130     0.000129      8046700 
   38.500     0.000008174     0.000530     0.000527      8109662 
   38.600     0.000000612     0.000039     0.000040      8167018 
   38.700    -0.000009886    -0.000638    -0.000635      8129899 
   38.800     0.000023636     0.001510     0.001505      8097676 
   38.900     0.000004124     0.000266     0.000265      8131792 
   39.000    -0.000003059    -0.000196    -0.000195      8134001 
   39.100    -0.000012161    -0.000785    -0.000775      8111307 
   39.200    -0.000003003    -0.000194    -0.000192      8150203 
   39.300     0.000010086     0.000651     0.000647      8103874 
   39.400     0.000034749     0.002237     0.002227      8114972 
   39.500     0.000033498     0.002153     0.002142      8101181 
   39.600     0.000016931     0.001100     0.001092      8127433 
   39.700     0.000010676     0.000680     0.000683      8103530 
   39.800     0.000007865     0.000509     0.000506      8048365 
   39.900     0.000010442     0.000671     0.000669      8023268 
   40.000     0.000013757     0.000880     0.000878      7976764 
   40.100     0.000002615     0.000166     0.000166      7988818 
   40.200     0.000025253     0.001637     0.001627      7996381 
   40.300    -0.000007772    -0.000501    -0.000499      8043121 
   40.400     0.000001401     0.000089     0.000089      8071878 
   40.500     0.000019350     0.001242     0.001231      8012516 
   40.600     0.000019086     0.001235     0.001220      7983728 
   40.700     0.000023973     0.001558     0.001534      7981429 
   40.800     0.000014213     0.000916     0.000909      8000351 
   40.900     0.000012413     0.000799     0.000794      7937010 
   41.000     0.000009269     0.000597     0.000592      7920174 
   41.100    -0.000015063    -0.000977    -0.000969      7911246 
   41.200     0.000031136     0.002019     0.001996      7958259 
   41.300     0.000024604     0.001581     0.001571      7980193 
   41.400     0.000023065     0.001490     0.001486      7919360 
   41.500    -0.000013012    -0.000843    -0.000835      7903090 
   41.600    -0.000000829    -0.000054    -0.000053      7972797 
   41.700    -0.000014824    -0.000955    -0.000945      7963295 
   41.800    -0.000012513    -0.000808    -0.000802      7979907 
   41.900     0.000012116     0.000785     0.000782      7913391 
   42.000     0.000020017     0.001307     0.001293      7873106 
   42.100     0.000015773     0.001019     0.001012      7881872 
   42.200    -0.000003530    -0.000230    -0.000229      7787353 
   42.300     0.000009748     0.000630     0.000627      7825679 
   42.400     0.000028541     0.001852     0.001842      7862987 
   42.500     0.000017731     0.001148     0.001144      7913915 
   42.600     0.000005682     0.000370     0.000366      7839398 
   42.700    -0.000003402    -0.000222    -0.000220      7840902 
   42.800     0.000020529     0.001335     0.001321      7873240 
   42.900    -0.000008414    -0.000545    -0.000539      7803071 
   43.000     0.000014865     0.000964     0.000959      7864895 
   43.100     0.000031808     0.002076     0.002055      7794053 
   43.200    -0.000001320    -0.000085    -0.000085      7729689 
   43.300     0.000001147     0.000075     0.000074      7719008 
   43.400     0.000001323     0.000086     0.000085      7761302 
   43.500     0.000004664     0.000305     0.000301      7769188 
   43.600     0.000027311     0.001764     0.001754      7731085 
   43.700     0.000016558     0.001074     0.001061      7751494 
   43.800    -0.000007402    -0.000481    -0.000475      7757266 
   43.900    -0.000023385    -0.001525    -0.001504      7746495 
   44.000    -0.000011288    -0.000731    -0.000720      7721569 
   44.100     0.000000089     0.000006     0.000006      7732472 
   44.200    -0.000023617    -0.001533    -0.001514      7653112 
   44.300    -0.000024926    -0.001623    -0.001607      7734841 
   44.400    -0.000017364    -0.001133    -0.001117      7712984 
   44.500     0.000010831     0.000712     0.000701      7600194 
   44.600    -0.000020944    -0.001360    -0.001344      7604060 
   44.700    -0.000035056    -0.002273    -0.002242      7629446 
   44.800     0.000016221     0.001055     0.001042      7658605 
   44.900    -0.000035451    -0.002287    -0.002259      7620410 
   45.000     0.000014979     0.000960     0.000956      7622275 
   45.100    -0.000000443    -0.000029    -0.000028      7635830 
   45.200     0.000017047     0.001104     0.001095      7582144 
   45.300    -0.000007838    -0.000509    -0.000502      7578488 
   45.400     0.000008902     0.000582     0.000574      7533683 
   45.500     0.000000491     0.000032     0.000032      7573317 
   45.600     0.000066031     0.004277     0.004229      7531481 
   45.700     0.000051021     0.003315     0.003283      7512228 
   45.800     0.000011669     0.000760     0.000749      7498583 
   45.900    -0.000012917    -0.000836    -0.000824      7628660 
   46.000    -0.000018085    -0.001177    -0.001162      7528747 
   46.100     0.000015836     0.001027     0.001017      7566916 
   46.200     0.000005028     0.000327     0.000323      7485134 
   46.300    -0.000023699    -0.001534    -0.001525      7519383 
   46.400     0.000011802     0.000765     0.000758      7544670 
   46.500     0.000000726     0.000047     0.000047      7529711 
   46.600    -0.000003324    -0.000216    -0.000214      7495062 
   46.700     0.000013161     0.000845     0.000844      7530576 
   46.800     0.000042523     0.002769     0.002743      7533047 
   46.900     0.000015336     0.000998     0.000985      7459982 
   47.000    -0.000013982    -0.000916    -0.000902      7442613 
   47.100     0.000029865     0.001935     0.001918      7471321 
   47.200     0.000011620     0.000756     0.000747      7421070 
   47.300     0.000039586     0.002566     0.002528      7364061 
   47.400    -0.000004510    -0.000292    -0.000290      7411682 
   47.500    -0.000034082    -0.002199    -0.002191      7406927 
   47.600    -0.000005581    -0.000359    -0.000358      7379426 
   47.700    -0.000021185    -0.001370    -0.001360      7395554 
   47.800    -0.000014556    -0.000939    -0.000931      7435740 
   47.900    -0.000013620    -0.000884    -0.000873      7306307 
   48.000    -0.000004535    -0.000296    -0.000291      7344422 
   48.100     0.000009654     0.000627     0.000620      7379573 
   48.200     0.000005847     0.000382     0.000378      7342581 
   48.300     0.000010136     0.000649     0.000648      7356547 
   48.400     0.000010361     0.000670     0.000663      7303664 
   48.500     0.000022490     0.001453     0.001447      7310299 
   48.600     0.000009765     0.000638     0.000633      7342291 
   48.700     0.000027729     0.001798     0.001779      7287105 
   48.800     0.000004061     0.000262     0.000259      7277987 
   48.900     0.000007988     0.000516     0.000511      7298442 
   49.000     0.000039322     0.002557     0.002530      7323788 
   49.100     0.000003361     0.000219     0.000217      7260717 
   49.200     0.000012631     0.000813     0.000810      7254776 
   49.300    -0.000004342    -0.000281    -0.000279      7198167 
   49.400     0.000025373     0.001652     0.001639      7226170 
   49.500     0.000027214     0.001754     0.001745      7265374 
   49.600     0.000021831     0.001412     0.001404      7363084 
   49.700    -0.000008065    -0.000524    -0.000520      7366388 
   49.800    -0.000013586    -0.000876    -0.000874      7252233 
   49.900    -0.000003768    -0.000243    -0.000242      7212461 
   50.000     0.000001018     0.000066     0.000066      7207283 
