 ##Z-score and correlation:: Koken_MLBA  binsize:     0.001000
    0.100     0.000600306     0.046004     0.045914    105932893 
    0.200     0.000168108     0.012892     0.012872     90221501 
    0.300     0.000088436     0.006789     0.006770     89729210 
    0.400     0.000059135     0.004570     0.004551     88405771 
    0.500     0.000060674     0.004708     0.004695     87483758 
    0.600     0.000052519     0.004048     0.004053     87201472 
    0.700     0.000047447     0.003632     0.003642     86942240 
    0.800     0.000025842     0.001988     0.001988     86327332 
    0.900     0.000033327     0.002570     0.002574     85981601 
    1.000     0.000015170     0.001176     0.001172     86292118 
    1.100     0.000026108     0.002012     0.002008     85924039 
    1.200     0.000023515     0.001801     0.001805     85888374 
    1.300     0.000028192     0.002149     0.002150     85451411 
    1.400     0.000027320     0.002107     0.002102     84733176 
    1.500     0.000017586     0.001356     0.001354     84629722 
    1.600     0.000022181     0.001706     0.001706     84609763 
    1.700     0.000021126     0.001630     0.001631     84058203 
    1.800     0.000025851     0.001984     0.001990     83918484 
    1.900     0.000017291     0.001328     0.001331     83865245 
    2.000     0.000019676     0.001505     0.001511     83590828 
    2.100     0.000019123     0.001470     0.001472     83247587 
    2.200     0.000023987     0.001847     0.001852     83332679 
    2.300     0.000023121     0.001764     0.001771     83209112 
    2.400     0.000007771     0.000597     0.000600     82657264 
    2.500     0.000007583     0.000580     0.000582     82746226 
    2.600     0.000020086     0.001547     0.001549     82725978 
    2.700     0.000016669     0.001285     0.001280     82472971 
    2.800     0.000022190     0.001700     0.001700     82544279 
    2.900     0.000021110     0.001624     0.001622     82361620 
    3.000     0.000006751     0.000518     0.000519     82329157 
    3.100     0.000023916     0.001841     0.001835     81730342 
    3.200     0.000022776     0.001751     0.001744     82129884 
    3.300     0.000022241     0.001709     0.001712     82008638 
    3.400     0.000013882     0.001066     0.001068     81555927 
    3.500     0.000009147     0.000703     0.000704     81655237 
    3.600     0.000007536     0.000585     0.000582     81469902 
    3.700     0.000017881     0.001384     0.001380     81100832 
    3.800     0.000023645     0.001833     0.001828     80872842 
    3.900     0.000018094     0.001395     0.001390     80605649 
    4.000     0.000020511     0.001585     0.001576     80449214 
    4.100     0.000020346     0.001562     0.001563     80678939 
    4.200     0.000016017     0.001230     0.001229     80387887 
    4.300     0.000011318     0.000865     0.000865     80487229 
    4.400     0.000008015     0.000619     0.000617     80561978 
    4.500     0.000014027     0.001078     0.001079     80950313 
    4.600     0.000012294     0.000941     0.000944     80033979 
    4.700     0.000008657     0.000666     0.000662     80405620 
    4.800     0.000005513     0.000424     0.000423     80703865 
    4.900     0.000009072     0.000695     0.000698     80476922 
    5.000     0.000000422     0.000032     0.000032     80541490 
    5.100     0.000007438     0.000572     0.000570     80298208 
    5.200     0.000012432     0.000961     0.000957     80634796 
    5.300     0.000005997     0.000462     0.000460     79969174 
    5.400     0.000010037     0.000772     0.000769     80744670 
    5.500     0.000013391     0.001036     0.001033     80355482 
    5.600     0.000012263     0.000941     0.000938     80299135 
    5.700     0.000011422     0.000871     0.000872     79922547 
    5.800     0.000009918     0.000762     0.000761     79190321 
    5.900     0.000010874     0.000833     0.000833     79900296 
    6.000    -0.000003410    -0.000261    -0.000261     80231841 
    6.100     0.000000870     0.000067     0.000067     80202600 
    6.200     0.000010692     0.000818     0.000820     80487219 
    6.300     0.000017569     0.001345     0.001346     80545989 
    6.400     0.000005378     0.000415     0.000413     80249340 
    6.500     0.000012073     0.000928     0.000923     80128983 
    6.600     0.000005698     0.000436     0.000436     80232150 
    6.700     0.000005197     0.000400     0.000399     79230499 
    6.800     0.000011992     0.000912     0.000916     79293418 
    6.900     0.000004279     0.000327     0.000327     78990484 
    7.000     0.000016285     0.001252     0.001248     80016173 
    7.100     0.000008060     0.000622     0.000619     79505806 
    7.200     0.000010464     0.000805     0.000803     80630292 
    7.300     0.000009336     0.000716     0.000714     79721233 
    7.400     0.000009530     0.000731     0.000730     79854515 
    7.500     0.000013192     0.001021     0.001013     79899267 
    7.600     0.000012751     0.000974     0.000970     79335237 
    7.700     0.000006264     0.000481     0.000479     79459182 
    7.800     0.000003254     0.000250     0.000248     79699259 
    7.900     0.000003173     0.000244     0.000244     79068617 
    8.000     0.000001794     0.000137     0.000137     79856561 
    8.100     0.000004688     0.000359     0.000360     79529331 
    8.200     0.000005029     0.000383     0.000383     79777340 
    8.300     0.000003923     0.000300     0.000300     79640958 
    8.400     0.000012677     0.000972     0.000970     79895379 
    8.500     0.000010013     0.000766     0.000764     79770839 
    8.600     0.000014125     0.001077     0.001072     79548689 
    8.700     0.000012902     0.000988     0.000982     78966716 
    8.800     0.000006442     0.000494     0.000492     79550353 
    8.900     0.000000735     0.000056     0.000056     79567531 
    9.000     0.000008979     0.000691     0.000688     79355116 
    9.100     0.000004708     0.000359     0.000360     79147024 
    9.200     0.000009072     0.000694     0.000695     78739909 
    9.300     0.000005890     0.000452     0.000451     79322329 
    9.400     0.000005080     0.000389     0.000389     79199958 
    9.500     0.000011722     0.000892     0.000894     78772522 
    9.600     0.000005951     0.000456     0.000456     79280656 
    9.700     0.000003476     0.000269     0.000267     78962410 
    9.800     0.000012224     0.000936     0.000935     78532124 
    9.900     0.000004504     0.000345     0.000344     78979042 
   10.000     0.000004309     0.000331     0.000329     78571527 
   10.100     0.000014951     0.001144     0.001137     78950943 
   10.200     0.000010518     0.000803     0.000803     78764489 
   10.300     0.000016821     0.001279     0.001277     78695670 
   10.400     0.000010057     0.000768     0.000767     78401802 
   10.500     0.000013848     0.001060     0.001060     77992209 
   10.600     0.000016571     0.001279     0.001271     78446004 
   10.700     0.000012065     0.000931     0.000927     78383922 
   10.800     0.000013662     0.001057     0.001050     78282212 
   10.900     0.000010005     0.000763     0.000765     78072966 
   11.000     0.000006440     0.000495     0.000494     77994544 
   11.100     0.000003372     0.000258     0.000258     77874130 
   11.200     0.000005335     0.000407     0.000407     77621933 
   11.300    -0.000000340    -0.000026    -0.000026     78184207 
   11.400     0.000008644     0.000659     0.000660     78196276 
   11.500     0.000005988     0.000456     0.000457     78320119 
   11.600     0.000002658     0.000204     0.000204     78260591 
   11.700    -0.000001840    -0.000141    -0.000141     77673240 
   11.800    -0.000003377    -0.000259    -0.000259     77075613 
   11.900     0.000008408     0.000647     0.000648     78134805 
   12.000     0.000009625     0.000739     0.000738     77884678 
   12.100     0.000009417     0.000722     0.000723     77488706 
   12.200     0.000008190     0.000627     0.000627     78448908 
   12.300     0.000010952     0.000843     0.000841     77812190 
   12.400    -0.000000744    -0.000057    -0.000057     77904618 
   12.500    -0.000000395    -0.000031    -0.000030     78133385 
   12.600     0.000003996     0.000308     0.000306     78177120 
   12.700    -0.000002034    -0.000157    -0.000156     77699688 
   12.800     0.000004147     0.000318     0.000317     77365000 
   12.900     0.000004281     0.000330     0.000328     77598724 
   13.000    -0.000001718    -0.000132    -0.000131     76587003 
   13.100     0.000011847     0.000913     0.000907     77004629 
   13.200     0.000003906     0.000301     0.000299     76753380 
   13.300     0.000002687     0.000207     0.000205     77034957 
   13.400     0.000004420     0.000340     0.000340     76722355 
   13.500     0.000002927     0.000224     0.000224     76657540 
   13.600     0.000001498     0.000115     0.000115     76781385 
   13.700     0.000004646     0.000358     0.000356     76811426 
   13.800     0.000014317     0.001103     0.001098     76900386 
   13.900     0.000004776     0.000365     0.000364     76328805 
   14.000     0.000023063     0.001753     0.001751     76904123 
   14.100     0.000012233     0.000936     0.000934     76437157 
   14.200     0.000010244     0.000784     0.000781     76569136 
   14.300     0.000016494     0.001263     0.001259     76805623 
   14.400     0.000009597     0.000731     0.000730     76555430 
   14.500     0.000004481     0.000341     0.000341     76185032 
   14.600     0.000012075     0.000923     0.000924     76245495 
   14.700     0.000015860     0.001214     0.001213     76174099 
   14.800     0.000006614     0.000506     0.000506     76053783 
   14.900     0.000002187     0.000167     0.000167     76250383 
   15.000     0.000002543     0.000195     0.000194     75891961 
   15.100     0.000003056     0.000235     0.000234     76133049 
   15.200     0.000004443     0.000341     0.000340     76163329 
   15.300     0.000002078     0.000159     0.000159     76422699 
   15.400     0.000007644     0.000588     0.000586     76540562 
   15.500     0.000001358     0.000104     0.000104     76420225 
   15.600     0.000003552     0.000273     0.000272     76414014 
   15.700     0.000009511     0.000732     0.000727     75775005 
   15.800     0.000006411     0.000494     0.000491     75884245 
   15.900     0.000008385     0.000644     0.000640     76273585 
   16.000     0.000002388     0.000183     0.000182     75921693 
   16.100     0.000003784     0.000290     0.000290     76663279 
   16.200     0.000006454     0.000494     0.000495     76098261 
   16.300     0.000020071     0.001543     0.001537     75884482 
   16.400     0.000005421     0.000414     0.000414     76359592 
   16.500     0.000000615     0.000047     0.000047     76503498 
   16.600     0.000011353     0.000870     0.000867     76146195 
   16.700     0.000016289     0.001251     0.001244     76072435 
   16.800     0.000003976     0.000306     0.000304     76397112 
   16.900     0.000003168     0.000243     0.000242     75731526 
   17.000     0.000002966     0.000227     0.000227     76105386 
   17.100     0.000011124     0.000850     0.000852     77240377 
   17.200     0.000001947     0.000149     0.000149     76451020 
   17.300     0.000004891     0.000375     0.000373     76096844 
   17.400     0.000009501     0.000727     0.000727     75813712 
   17.500     0.000011921     0.000915     0.000915     75701690 
   17.600     0.000009999     0.000772     0.000769     75324336 
   17.700     0.000010978     0.000839     0.000840     75805777 
   17.800     0.000007649     0.000588     0.000588     76041777 
   17.900     0.000003744     0.000286     0.000287     76047268 
   18.000    -0.000000032    -0.000002    -0.000002     75631006 
   18.100     0.000008918     0.000683     0.000682     75471877 
   18.200     0.000004292     0.000328     0.000328     76071226 
   18.300     0.000012106     0.000932     0.000927     76237910 
   18.400     0.000009227     0.000710     0.000708     75961986 
   18.500     0.000010182     0.000787     0.000782     75691324 
   18.600     0.000005492     0.000421     0.000419     75377682 
   18.700    -0.000002656    -0.000206    -0.000205     75739480 
   18.800    -0.000002051    -0.000158    -0.000158     76041643 
   18.900    -0.000000803    -0.000062    -0.000061     75619516 
   19.000    -0.000002709    -0.000208    -0.000206     75506717 
   19.100     0.000005820     0.000449     0.000446     75384592 
   19.200    -0.000005224    -0.000399    -0.000398     75278318 
   19.300     0.000003125     0.000239     0.000238     75149204 
   19.400     0.000001758     0.000134     0.000135     75677568 
   19.500     0.000007312     0.000557     0.000558     75907087 
   19.600     0.000001893     0.000145     0.000145     74962416 
   19.700    -0.000008420    -0.000648    -0.000646     75727069 
   19.800     0.000002054     0.000159     0.000158     75910205 
   19.900     0.000003834     0.000294     0.000292     75375200 
   20.000    -0.000000208    -0.000016    -0.000016     75128354 
   20.100     0.000002284     0.000176     0.000175     75128201 
   20.200     0.000001339     0.000103     0.000102     74996315 
   20.300    -0.000007252    -0.000555    -0.000553     75570362 
   20.400    -0.000002543    -0.000195    -0.000195     75281838 
   20.500     0.000003037     0.000232     0.000231     75478609 
   20.600     0.000004750     0.000365     0.000363     75409809 
   20.700     0.000005333     0.000408     0.000408     75081466 
   20.800    -0.000009112    -0.000701    -0.000697     74596555 
   20.900    -0.000003089    -0.000237    -0.000237     74965564 
   21.000     0.000003647     0.000280     0.000280     74818925 
   21.100    -0.000000403    -0.000031    -0.000031     74182603 
   21.200     0.000002184     0.000167     0.000167     74959462 
   21.300     0.000003827     0.000293     0.000292     74258301 
   21.400     0.000004549     0.000349     0.000348     74697518 
   21.500    -0.000000648    -0.000050    -0.000050     74912216 
   21.600    -0.000002852    -0.000219    -0.000218     74560129 
   21.700     0.000005935     0.000453     0.000453     74467984 
   21.800    -0.000000538    -0.000041    -0.000041     74711533 
   21.900     0.000004604     0.000352     0.000352     74511125 
   22.000    -0.000001454    -0.000111    -0.000111     74116383 
   22.100     0.000008566     0.000649     0.000651     73716653 
   22.200     0.000002223     0.000169     0.000169     74124920 
   22.300     0.000002304     0.000176     0.000176     74336331 
   22.400     0.000008367     0.000639     0.000638     74715479 
   22.500     0.000006582     0.000503     0.000502     74206338 
   22.600     0.000007029     0.000540     0.000537     74301810 
   22.700     0.000002196     0.000169     0.000168     74632487 
   22.800     0.000004329     0.000330     0.000331     74659850 
   22.900     0.000000639     0.000049     0.000049     73827562 
   23.000    -0.000005744    -0.000439    -0.000439     74200386 
   23.100    -0.000005583    -0.000427    -0.000427     74117532 
   23.200    -0.000002434    -0.000187    -0.000186     74373366 
   23.300    -0.000004203    -0.000319    -0.000321     74235783 
   23.400    -0.000005350    -0.000408    -0.000408     74558860 
   23.500     0.000003596     0.000274     0.000274     74312346 
   23.600    -0.000000519    -0.000040    -0.000040     74135093 
   23.700     0.000001414     0.000108     0.000108     73801368 
   23.800    -0.000005836    -0.000448    -0.000446     73739538 
   23.900    -0.000002577    -0.000197    -0.000197     73702150 
   24.000     0.000003294     0.000252     0.000251     73503771 
   24.100    -0.000011786    -0.000902    -0.000901     73815508 
   24.200    -0.000005538    -0.000423    -0.000423     73636306 
   24.300     0.000006689     0.000511     0.000509     73574263 
   24.400    -0.000000383    -0.000029    -0.000029     74256754 
   24.500     0.000002753     0.000211     0.000210     73992030 
   24.600     0.000007685     0.000585     0.000584     74215861 
   24.700    -0.000000672    -0.000051    -0.000051     74103929 
   24.800    -0.000003381    -0.000258    -0.000257     73778897 
   24.900    -0.000008950    -0.000685    -0.000686     73497304 
   25.000    -0.000001666    -0.000128    -0.000128     73419719 
   25.100     0.000000150     0.000012     0.000012     73583654 
   25.200    -0.000002046    -0.000157    -0.000156     73418374 
   25.300    -0.000008336    -0.000637    -0.000637     73655586 
   25.400    -0.000000169    -0.000013    -0.000013     73480187 
   25.500    -0.000004901    -0.000375    -0.000375     73128696 
   25.600    -0.000003189    -0.000244    -0.000243     72966534 
   25.700     0.000000191     0.000015     0.000015     72742228 
   25.800     0.000009846     0.000751     0.000748     73263594 
   25.900     0.000007588     0.000581     0.000579     72673451 
   26.000    -0.000005279    -0.000404    -0.000403     72783781 
   26.100    -0.000001299    -0.000099    -0.000099     72485324 
   26.200     0.000002611     0.000200     0.000199     72869397 
   26.300     0.000000865     0.000066     0.000066     72342276 
   26.400     0.000003332     0.000256     0.000255     72638598 
   26.500     0.000005141     0.000394     0.000393     72748541 
   26.600     0.000002773     0.000214     0.000212     72371835 
   26.700    -0.000003046    -0.000234    -0.000233     72336709 
   26.800    -0.000005606    -0.000429    -0.000428     71834212 
   26.900    -0.000004260    -0.000328    -0.000326     72166194 
   27.000    -0.000004195    -0.000321    -0.000319     71957425 
   27.100    -0.000009581    -0.000737    -0.000733     71365354 
   27.200    -0.000001012    -0.000078    -0.000077     71976584 
   27.300     0.000002523     0.000195     0.000193     71492989 
   27.400     0.000003269     0.000251     0.000250     71902758 
   27.500     0.000008373     0.000640     0.000636     71584822 
   27.600     0.000010610     0.000812     0.000808     71573867 
   27.700    -0.000001090    -0.000084    -0.000083     71883840 
   27.800     0.000004717     0.000363     0.000361     71828061 
   27.900     0.000000435     0.000033     0.000033     72250929 
   28.000     0.000002847     0.000218     0.000218     71809305 
   28.100     0.000002089     0.000161     0.000160     71428530 
   28.200    -0.000010070    -0.000774    -0.000771     71760947 
   28.300     0.000001539     0.000118     0.000117     71693347 
   28.400    -0.000004263    -0.000325    -0.000324     71391830 
   28.500    -0.000002992    -0.000229    -0.000228     70894140 
   28.600    -0.000002627    -0.000202    -0.000201     71230961 
   28.700     0.000001862     0.000142     0.000142     71249302 
   28.800    -0.000006056    -0.000464    -0.000463     72058980 
   28.900    -0.000008286    -0.000635    -0.000634     71791271 
   29.000    -0.000008383    -0.000641    -0.000638     71518321 
   29.100    -0.000002611    -0.000200    -0.000199     71309077 
   29.200     0.000001822     0.000140     0.000139     70899110 
   29.300     0.000001603     0.000123     0.000122     70728040 
   29.400    -0.000006544    -0.000502    -0.000498     71640101 
   29.500    -0.000000486    -0.000037    -0.000037     71124025 
   29.600    -0.000004219    -0.000325    -0.000323     71059146 
   29.700    -0.000004187    -0.000322    -0.000320     70717229 
   29.800     0.000006921     0.000531     0.000530     70615900 
   29.900     0.000003836     0.000295     0.000293     70298261 
   30.000     0.000001355     0.000104     0.000104     70765099 
   30.100     0.000007869     0.000603     0.000600     70655353 
   30.200    -0.000000768    -0.000059    -0.000059     70834984 
   30.300    -0.000001760    -0.000135    -0.000134     71666269 
   30.400     0.000001208     0.000092     0.000092     70873497 
   30.500     0.000002351     0.000179     0.000178     70548377 
   30.600    -0.000005036    -0.000384    -0.000383     70832778 
   30.700    -0.000001312    -0.000101    -0.000100     71076423 
   30.800     0.000003486     0.000268     0.000267     70426250 
   30.900    -0.000001404    -0.000107    -0.000107     70353348 
   31.000     0.000001376     0.000106     0.000105     70561550 
   31.100     0.000000526     0.000040     0.000040     70370697 
   31.200     0.000005164     0.000398     0.000396     70894630 
   31.300    -0.000007253    -0.000556    -0.000553     70257448 
   31.400     0.000003713     0.000286     0.000284     70292831 
   31.500     0.000005545     0.000424     0.000423     69983297 
   31.600     0.000001895     0.000144     0.000144     70230698 
   31.700     0.000003420     0.000262     0.000260     69719681 
   31.800     0.000000049     0.000004     0.000004     69358650 
   31.900     0.000006832     0.000525     0.000520     69779564 
   32.000     0.000001891     0.000146     0.000145     70536555 
   32.100    -0.000002557    -0.000195    -0.000195     70608910 
   32.200     0.000000173     0.000013     0.000013     70455105 
   32.300    -0.000001962    -0.000151    -0.000150     70160853 
   32.400     0.000004530     0.000346     0.000344     70079605 
   32.500     0.000003382     0.000260     0.000258     69965106 
   32.600    -0.000000681    -0.000052    -0.000052     69604600 
   32.700    -0.000002664    -0.000205    -0.000203     69539398 
   32.800     0.000005287     0.000406     0.000403     69823942 
   32.900    -0.000000876    -0.000067    -0.000067     69589687 
   33.000    -0.000006949    -0.000536    -0.000531     69329760 
   33.100    -0.000006727    -0.000520    -0.000515     68950227 
   33.200    -0.000008671    -0.000664    -0.000661     68844124 
   33.300    -0.000001768    -0.000136    -0.000135     68617771 
   33.400     0.000007811     0.000599     0.000595     68652023 
   33.500    -0.000008798    -0.000672    -0.000669     68827745 
   33.600    -0.000005194    -0.000399    -0.000396     69100279 
   33.700    -0.000000767    -0.000059    -0.000058     68858517 
   33.800    -0.000000680    -0.000052    -0.000052     68965209 
   33.900     0.000003944     0.000303     0.000301     68978633 
   34.000    -0.000002629    -0.000201    -0.000201     68629033 
   34.100    -0.000004962    -0.000378    -0.000377     68456127 
   34.200    -0.000002921    -0.000224    -0.000223     68481815 
   34.300    -0.000004027    -0.000308    -0.000307     68622686 
   34.400     0.000000885     0.000068     0.000068     68670627 
   34.500    -0.000000214    -0.000016    -0.000016     68288411 
   34.600     0.000005419     0.000412     0.000412     67897673 
   34.700    -0.000004119    -0.000314    -0.000313     68190524 
   34.800    -0.000002753    -0.000209    -0.000209     67945587 
   34.900    -0.000003299    -0.000252    -0.000251     68138348 
   35.000     0.000001755     0.000135     0.000134     67812796 
   35.100    -0.000000715    -0.000055    -0.000055     68300414 
   35.200    -0.000004511    -0.000347    -0.000344     67750081 
   35.300    -0.000005978    -0.000458    -0.000457     67379417 
   35.400     0.000002410     0.000185     0.000184     67542200 
   35.500     0.000011479     0.000881     0.000876     67944631 
   35.600     0.000002024     0.000155     0.000154     67862000 
   35.700     0.000007088     0.000542     0.000543     67699097 
   35.800     0.000003296     0.000251     0.000251     67180575 
   35.900    -0.000000455    -0.000035    -0.000035     67861086 
   36.000     0.000002262     0.000173     0.000173     68186887 
   36.100    -0.000010352    -0.000792    -0.000791     67536004 
   36.200    -0.000001704    -0.000130    -0.000130     67831428 
   36.300    -0.000001185    -0.000091    -0.000091     67619618 
   36.400    -0.000011835    -0.000904    -0.000904     66925857 
   36.500    -0.000001605    -0.000122    -0.000122     66994547 
   36.600     0.000002319     0.000177     0.000177     66649541 
   36.700     0.000002942     0.000228     0.000226     66482024 
   36.800     0.000006971     0.000533     0.000531     66928956 
   36.900    -0.000002990    -0.000230    -0.000228     67216345 
   37.000     0.000008921     0.000683     0.000681     66749542 
   37.100     0.000007063     0.000540     0.000539     66454613 
   37.200    -0.000005763    -0.000443    -0.000442     66652997 
   37.300    -0.000002954    -0.000228    -0.000226     66657075 
   37.400    -0.000001812    -0.000139    -0.000139     67169456 
   37.500    -0.000002921    -0.000224    -0.000223     66524373 
   37.600    -0.000004581    -0.000352    -0.000351     66485842 
   37.700     0.000005831     0.000450     0.000447     67116823 
   37.800     0.000000246     0.000019     0.000019     66906643 
   37.900     0.000010507     0.000805     0.000798     67418981 
   38.000     0.000004489     0.000345     0.000342     66860608 
   38.100    -0.000006791    -0.000517    -0.000518     66831200 
   38.200    -0.000005239    -0.000401    -0.000400     67268154 
   38.300    -0.000018011    -0.001374    -0.001371     66361177 
   38.400    -0.000005714    -0.000438    -0.000435     66227222 
   38.500    -0.000007564    -0.000579    -0.000577     66661354 
   38.600     0.000006098     0.000468     0.000468     67068797 
   38.700    -0.000005979    -0.000458    -0.000455     66889319 
   38.800    -0.000003311    -0.000252    -0.000252     66567589 
   38.900    -0.000007596    -0.000582    -0.000579     66827776 
   39.000    -0.000007845    -0.000597    -0.000593     67013974 
   39.100     0.000000892     0.000068     0.000068     66597686 
   39.200    -0.000006830    -0.000523    -0.000520     66867467 
   39.300    -0.000004774    -0.000364    -0.000363     66663865 
   39.400    -0.000002235    -0.000170    -0.000170     66684333 
   39.500     0.000001569     0.000120     0.000120     66619288 
   39.600     0.000001901     0.000145     0.000145     66776316 
   39.700    -0.000004901    -0.000372    -0.000373     66583671 
   39.800    -0.000006247    -0.000479    -0.000478     66111514 
   39.900     0.000000850     0.000066     0.000065     66068994 
   40.000    -0.000002527    -0.000193    -0.000192     65476507 
   40.100     0.000009490     0.000723     0.000719     65636344 
   40.200    -0.000004719    -0.000365    -0.000363     65716378 
   40.300    -0.000008484    -0.000649    -0.000647     65957628 
   40.400     0.000009203     0.000699     0.000702     66238222 
   40.500     0.000005902     0.000453     0.000450     65833862 
   40.600    -0.000005692    -0.000436    -0.000432     65620572 
   40.700    -0.000005188    -0.000401    -0.000396     65553196 
   40.800    -0.000004273    -0.000327    -0.000326     65750067 
   40.900     0.000000669     0.000051     0.000051     65308662 
   41.000    -0.000003672    -0.000281    -0.000280     65173880 
   41.100     0.000005277     0.000405     0.000403     65006386 
   41.200    -0.000005783    -0.000447    -0.000443     65449830 
   41.300     0.000002800     0.000213     0.000213     65365871 
   41.400     0.000000497     0.000038     0.000038     65074876 
   41.500    -0.000009825    -0.000757    -0.000749     64971246 
   41.600     0.000006683     0.000511     0.000507     65596728 
   41.700     0.000004999     0.000381     0.000379     65437149 
   41.800     0.000011775     0.000904     0.000897     65654168 
   41.900     0.000008879     0.000681     0.000678     65100091 
   42.000     0.000000194     0.000015     0.000015     64640023 
   42.100    -0.000005339    -0.000411    -0.000409     64622276 
   42.200    -0.000003617    -0.000278    -0.000277     64004747 
   42.300    -0.000000506    -0.000039    -0.000039     64389908 
   42.400     0.000007048     0.000540     0.000539     64739533 
   42.500     0.000003307     0.000254     0.000253     65021970 
   42.600     0.000009351     0.000724     0.000718     64388566 
   42.700    -0.000002211    -0.000171    -0.000169     64450753 
   42.800     0.000001537     0.000119     0.000117     64599270 
   42.900    -0.000008511    -0.000656    -0.000650     64100914 
   43.000     0.000008087     0.000625     0.000620     64514050 
   43.100    -0.000002072    -0.000160    -0.000159     63997668 
   43.200    -0.000004432    -0.000341    -0.000338     63559416 
   43.300    -0.000000560    -0.000044    -0.000043     63442726 
   43.400    -0.000005465    -0.000421    -0.000418     63756382 
   43.500    -0.000004196    -0.000325    -0.000322     63778925 
   43.600    -0.000003655    -0.000282    -0.000280     63436151 
   43.700    -0.000009910    -0.000767    -0.000760     63453486 
   43.800    -0.000003361    -0.000258    -0.000256     63534516 
   43.900    -0.000001336    -0.000104    -0.000102     63639388 
   44.000    -0.000000612    -0.000047    -0.000047     63424261 
   44.100     0.000004452     0.000344     0.000341     63510790 
   44.200     0.000000177     0.000014     0.000014     62912197 
   44.300    -0.000004458    -0.000346    -0.000342     63562459 
   44.400     0.000005915     0.000457     0.000454     63386374 
   44.500     0.000005094     0.000394     0.000390     62465010 
   44.600    -0.000000721    -0.000055    -0.000055     62494272 
   44.700    -0.000002863    -0.000220    -0.000218     62680095 
   44.800    -0.000014109    -0.001088    -0.001080     62904881 
   44.900    -0.000008485    -0.000650    -0.000646     62552509 
   45.000    -0.000017386    -0.001332    -0.001323     62482886 
   45.100     0.000001032     0.000079     0.000079     62609225 
   45.200     0.000001726     0.000133     0.000132     62264612 
   45.300    -0.000002175    -0.000167    -0.000166     62299127 
   45.400     0.000000574     0.000044     0.000044     61883017 
   45.500    -0.000007645    -0.000590    -0.000585     62302412 
   45.600    -0.000007087    -0.000544    -0.000541     61941125 
   45.700    -0.000000227    -0.000017    -0.000017     61722098 
   45.800    -0.000005848    -0.000448    -0.000447     61763891 
   45.900    -0.000007230    -0.000557    -0.000551     62826268 
   46.000    -0.000003586    -0.000277    -0.000275     61942627 
   46.100     0.000000882     0.000068     0.000068     62105343 
   46.200     0.000001682     0.000130     0.000129     61541689 
   46.300    -0.000010266    -0.000787    -0.000786     61743662 
   46.400    -0.000000342    -0.000026    -0.000026     61863045 
   46.500     0.000001255     0.000096     0.000096     61773691 
   46.600     0.000002049     0.000157     0.000156     61590888 
   46.700    -0.000004560    -0.000348    -0.000347     61890708 
   46.800    -0.000000951    -0.000073    -0.000073     61803902 
   46.900    -0.000000721    -0.000055    -0.000055     61323618 
   47.000    -0.000000154    -0.000012    -0.000012     61224815 
   47.100    -0.000008028    -0.000615    -0.000612     61389291 
   47.200    -0.000008179    -0.000632    -0.000625     61025406 
   47.300    -0.000008187    -0.000628    -0.000622     60512966 
   47.400    -0.000006548    -0.000502    -0.000500     60863775 
   47.500    -0.000008936    -0.000681    -0.000682     60808140 
   47.600    -0.000010040    -0.000765    -0.000766     60510597 
   47.700    -0.000005989    -0.000457    -0.000457     60934475 
   47.800    -0.000006676    -0.000509    -0.000508     60987641 
   47.900    -0.000003750    -0.000288    -0.000287     60009733 
   48.000     0.000003080     0.000237     0.000236     60260861 
   48.100    -0.000000118    -0.000009    -0.000009     60602873 
   48.200    -0.000004326    -0.000333    -0.000331     60243947 
   48.300    -0.000000781    -0.000059    -0.000059     60398540 
   48.400    -0.000014247    -0.001090    -0.001087     60007238 
   48.500    -0.000005883    -0.000447    -0.000447     60211975 
   48.600    -0.000004073    -0.000312    -0.000312     60414277 
   48.700     0.000001833     0.000140     0.000140     60004340 
   48.800    -0.000002398    -0.000182    -0.000182     59790996 
   48.900    -0.000000963    -0.000073    -0.000073     59873845 
   49.000    -0.000004689    -0.000361    -0.000359     60148491 
   49.100    -0.000001002    -0.000077    -0.000077     59552526 
   49.200    -0.000003648    -0.000278    -0.000278     59548348 
   49.300    -0.000005822    -0.000446    -0.000445     59230280 
   49.400     0.000000926     0.000071     0.000071     59378594 
   49.500     0.000000927     0.000071     0.000071     59688119 
   49.600    -0.000009753    -0.000744    -0.000741     60580375 
   49.700     0.000000074     0.000006     0.000006     60602066 
   49.800    -0.000009184    -0.000703    -0.000702     59722425 
   49.900     0.000007072     0.000538     0.000539     59385039 
   50.000     0.000008916     0.000686     0.000684     59204059 
