 ##Z-score and correlation:: Koken_MLBA_o1  binsize:     0.001000
    0.100     0.000690353     0.041669     0.041655     16132021 
    0.200     0.000204307     0.012268     0.012262     13712405 
    0.300     0.000145101     0.008756     0.008744     13618516 
    0.400     0.000134283     0.008133     0.008133     13453539 
    0.500     0.000104697     0.006364     0.006353     13295934 
    0.600     0.000099778     0.006071     0.006037     13247216 
    0.700     0.000113733     0.006884     0.006856     13218548 
    0.800     0.000083152     0.005020     0.005009     13122283 
    0.900     0.000070700     0.004302     0.004289     13029272 
    1.000     0.000049352     0.002981     0.002964     13101525 
    1.100     0.000084892     0.005143     0.005121     13035353 
    1.200     0.000083155     0.005010     0.005014     13057233 
    1.300     0.000080032     0.004803     0.004789     12976406 
    1.400     0.000069571     0.004207     0.004195     12878131 
    1.500     0.000068851     0.004179     0.004167     12849295 
    1.600     0.000068993     0.004170     0.004164     12867500 
    1.700     0.000103760     0.006246     0.006250     12772044 
    1.800     0.000070321     0.004248     0.004250     12741553 
    1.900     0.000058159     0.003507     0.003516     12736609 
    2.000     0.000073354     0.004422     0.004413     12694710 
    2.100     0.000061708     0.003739     0.003736     12645238 
    2.200     0.000072708     0.004369     0.004387     12660339 
    2.300     0.000076724     0.004599     0.004608     12637720 
    2.400     0.000060545     0.003642     0.003652     12545101 
    2.500     0.000073756     0.004437     0.004451     12569027 
    2.600     0.000050574     0.003036     0.003049     12574982 
    2.700     0.000054314     0.003272     0.003267     12515520 
    2.800     0.000097200     0.005826     0.005842     12534918 
    2.900     0.000069786     0.004217     0.004213     12480907 
    3.000     0.000060469     0.003652     0.003642     12482616 
    3.100     0.000048497     0.002926     0.002914     12392324 
    3.200     0.000055978     0.003385     0.003368     12481447 
    3.300     0.000035533     0.002147     0.002145     12475271 
    3.400     0.000047121     0.002863     0.002851     12381956 
    3.500     0.000045582     0.002744     0.002745     12417102 
    3.600     0.000029505     0.001795     0.001788     12380356 
    3.700     0.000046307     0.002805     0.002802     12305200 
    3.800     0.000030323     0.001842     0.001840     12263029 
    3.900     0.000032980     0.002000     0.001988     12240300 
    4.000     0.000020002     0.001215     0.001207     12223444 
    4.100     0.000012733     0.000771     0.000769     12236457 
    4.200     0.000034793     0.002098     0.002097     12217999 
    4.300     0.000046966     0.002852     0.002841     12227903 
    4.400     0.000052188     0.003187     0.003169     12221719 
    4.500     0.000021769     0.001320     0.001316     12271680 
    4.600     0.000055320     0.003353     0.003347     12137442 
    4.700     0.000042175     0.002559     0.002543     12192754 
    4.800     0.000044342     0.002677     0.002672     12258045 
    4.900     0.000087662     0.005264     0.005288     12226942 
    5.000     0.000056044     0.003371     0.003370     12247691 
    5.100     0.000044620     0.002704     0.002691     12200161 
    5.200     0.000026782     0.001631     0.001617     12247973 
    5.300     0.000031546     0.001913     0.001897     12140841 
    5.400     0.000048503     0.002932     0.002919     12266622 
    5.500     0.000046801     0.002856     0.002837     12205641 
    5.600     0.000012369     0.000751     0.000745     12183517 
    5.700     0.000037642     0.002274     0.002265     12134399 
    5.800     0.000029321     0.001769     0.001768     12022356 
    5.900     0.000041504     0.002519     0.002512     12136327 
    6.000     0.000004712     0.000285     0.000284     12177669 
    6.100     0.000012767     0.000774     0.000771     12181238 
    6.200     0.000016014     0.000971     0.000968     12221864 
    6.300     0.000036596     0.002220     0.002209     12237232 
    6.400     0.000025191     0.001525     0.001522     12176547 
    6.500     0.000012621     0.000764     0.000759     12173414 
    6.600     0.000036972     0.002252     0.002234     12188301 
    6.700     0.000055197     0.003340     0.003338     12019594 
    6.800     0.000066026     0.003993     0.003989     12019252 
    6.900     0.000043876     0.002653     0.002649     11980388 
    7.000     0.000058757     0.003563     0.003553     12147039 
    7.100     0.000054509     0.003308     0.003294     12067594 
    7.200     0.000003174     0.000192     0.000192     12229708 
    7.300     0.000022108     0.001342     0.001336     12082512 
    7.400     0.000007591     0.000461     0.000458     12123316 
    7.500     0.000031377     0.001908     0.001893     12136118 
    7.600     0.000055036     0.003332     0.003314     12033257 
    7.700     0.000029173     0.001773     0.001760     12044835 
    7.800     0.000050560     0.003048     0.003027     12082522 
    7.900     0.000032786     0.001984     0.001977     11997566 
    8.000     0.000011428     0.000691     0.000688     12109561 
    8.100     0.000044678     0.002695     0.002685     12064819 
    8.200     0.000031747     0.001916     0.001910     12093534 
    8.300     0.000041779     0.002512     0.002509     12094551 
    8.400     0.000057841     0.003488     0.003479     12141665 
    8.500     0.000049274     0.002983     0.002960     12097815 
    8.600     0.000036734     0.002202     0.002188     12076474 
    8.700     0.000048847     0.002929     0.002905     11996249 
    8.800     0.000022139     0.001330     0.001323     12069188 
    8.900     0.000042947     0.002595     0.002579     12071774 
    9.000     0.000001503     0.000091     0.000090     12035351 
    9.100     0.000009321     0.000564     0.000561     12016422 
    9.200     0.000032177     0.001936     0.001932     11961887 
    9.300     0.000023985     0.001447     0.001443     12024376 
    9.400     0.000007894     0.000475     0.000474     12025153 
    9.500     0.000013839     0.000833     0.000829     11947876 
    9.600     0.000010877     0.000657     0.000656     12023113 
    9.700     0.000000083     0.000005     0.000005     11975091 
    9.800     0.000005548     0.000334     0.000333     11926438 
    9.900     0.000038418     0.002322     0.002311     11983554 
   10.000     0.000014847     0.000896     0.000892     11919511 
   10.100     0.000016883     0.001011     0.001008     11979564 
   10.200     0.000010557     0.000631     0.000629     11962973 
   10.300     0.000010361     0.000623     0.000619     11950945 
   10.400     0.000027095     0.001635     0.001622     11896881 
   10.500     0.000042962     0.002591     0.002578     11833916 
   10.600     0.000039252     0.002381     0.002370     11902531 
   10.700     0.000006361     0.000387     0.000382     11870857 
   10.800     0.000032068     0.001942     0.001932     11861163 
   10.900     0.000045472     0.002732     0.002719     11855876 
   11.000     0.000025659     0.001545     0.001541     11868467 
   11.100     0.000002289     0.000138     0.000138     11814952 
   11.200    -0.000007134    -0.000430    -0.000428     11777325 
   11.300     0.000030487     0.001829     0.001820     11870610 
   11.400     0.000031595     0.001894     0.001894     11862283 
   11.500     0.000031053     0.001870     0.001859     11899759 
   11.600     0.000023062     0.001393     0.001382     11866644 
   11.700     0.000010509     0.000634     0.000632     11792785 
   11.800     0.000025781     0.001558     0.001552     11695003 
   11.900     0.000001792     0.000109     0.000109     11837860 
   12.000     0.000042421     0.002566     0.002555     11825571 
   12.100     0.000040069     0.002419     0.002417     11770508 
   12.200     0.000023960     0.001442     0.001438     11886119 
   12.300     0.000009870     0.000597     0.000593     11795375 
   12.400     0.000023318     0.001420     0.001407     11817046 
   12.500     0.000007764     0.000474     0.000467     11863660 
   12.600     0.000015554     0.000946     0.000937     11860364 
   12.700     0.000035289     0.002150     0.002124     11787415 
   12.800     0.000030549     0.001858     0.001839     11757456 
   12.900     0.000002539     0.000154     0.000153     11781636 
   13.000     0.000011320     0.000688     0.000680     11636149 
   13.100     0.000014178     0.000861     0.000855     11684863 
   13.200     0.000014908     0.000903     0.000896     11664779 
   13.300     0.000045405     0.002749     0.002740     11678042 
   13.400     0.000048652     0.002938     0.002936     11645903 
   13.500     0.000042716     0.002574     0.002565     11643032 
   13.600    -0.000015135    -0.000919    -0.000916     11643422 
   13.700    -0.000001571    -0.000095    -0.000095     11651811 
   13.800    -0.000004136    -0.000251    -0.000250     11659355 
   13.900    -0.000003404    -0.000205    -0.000204     11576120 
   14.000     0.000019987     0.001198     0.001196     11653010 
   14.100     0.000020890     0.001252     0.001252     11601640 
   14.200     0.000028842     0.001737     0.001733     11605992 
   14.300     0.000015719     0.000947     0.000939     11642803 
   14.400     0.000000175     0.000011     0.000011     11628344 
   14.500    -0.000008868    -0.000535    -0.000531     11572856 
   14.600     0.000012260     0.000740     0.000738     11568728 
   14.700     0.000013162     0.000797     0.000792     11552893 
   14.800    -0.000001359    -0.000082    -0.000081     11536880 
   14.900     0.000011778     0.000707     0.000704     11557538 
   15.000    -0.000008470    -0.000509    -0.000506     11533586 
   15.100     0.000021938     0.001322     0.001313     11534983 
   15.200     0.000001542     0.000093     0.000092     11549527 
   15.300     0.000020876     0.001266     0.001258     11598545 
   15.400     0.000030698     0.001851     0.001843     11598871 
   15.500     0.000022341     0.001344     0.001337     11592826 
   15.600     0.000000058     0.000004     0.000003     11600017 
   15.700    -0.000002483    -0.000150    -0.000149     11502614 
   15.800     0.000007955     0.000479     0.000478     11528408 
   15.900    -0.000003369    -0.000203    -0.000202     11580580 
   16.000    -0.000006162    -0.000373    -0.000370     11529213 
   16.100    -0.000004685    -0.000282    -0.000281     11640483 
   16.200     0.000018905     0.001141     0.001139     11576441 
   16.300     0.000032886     0.001978     0.001975     11509696 
   16.400     0.000012239     0.000739     0.000735     11597079 
   16.500    -0.000003232    -0.000193    -0.000193     11602131 
   16.600    -0.000015270    -0.000915    -0.000911     11553292 
   16.700     0.000027720     0.001668     0.001659     11534754 
   16.800     0.000014219     0.000859     0.000854     11591006 
   16.900     0.000008942     0.000538     0.000536     11495939 
   17.000     0.000026554     0.001605     0.001596     11545623 
   17.100     0.000021957     0.001325     0.001321     11736269 
   17.200     0.000001035     0.000062     0.000062     11598331 
   17.300    -0.000013843    -0.000837    -0.000831     11556408 
   17.400    -0.000003062    -0.000184    -0.000184     11511340 
   17.500     0.000034372     0.002071     0.002065     11476115 
   17.600     0.000014191     0.000860     0.000857     11420374 
   17.700     0.000035298     0.002129     0.002118     11509993 
   17.800     0.000008667     0.000522     0.000522     11549264 
   17.900     0.000032611     0.001970     0.001965     11562406 
   18.000     0.000039428     0.002376     0.002368     11482134 
   18.100     0.000025808     0.001550     0.001544     11470044 
   18.200     0.000042088     0.002532     0.002523     11554343 
   18.300     0.000038644     0.002328     0.002324     11559161 
   18.400     0.000012821     0.000775     0.000774     11540322 
   18.500     0.000001461     0.000088     0.000088     11477960 
   18.600     0.000016020     0.000966     0.000963     11423199 
   18.700     0.000001577     0.000095     0.000095     11500318 
   18.800     0.000023948     0.001445     0.001442     11539389 
   18.900     0.000018709     0.001126     0.001120     11481232 
   19.000     0.000015942     0.000963     0.000958     11461816 
   19.100     0.000019557     0.001183     0.001174     11447392 
   19.200     0.000004613     0.000277     0.000276     11454048 
   19.300     0.000017796     0.001076     0.001070     11420374 
   19.400    -0.000001374    -0.000083    -0.000082     11501972 
   19.500     0.000015647     0.000936     0.000936     11507632 
   19.600    -0.000008754    -0.000523    -0.000524     11366778 
   19.700     0.000038720     0.002322     0.002320     11490937 
   19.800     0.000011573     0.000701     0.000696     11511953 
   19.900     0.000004559     0.000274     0.000272     11453751 
   20.000    -0.000008967    -0.000543    -0.000539     11395557 
   20.100    -0.000000927    -0.000056    -0.000056     11407562 
   20.200     0.000014446     0.000867     0.000860     11379094 
   20.300     0.000013268     0.000797     0.000794     11479983 
   20.400     0.000060340     0.003630     0.003617     11436001 
   20.500     0.000020552     0.001234     0.001225     11467816 
   20.600     0.000022783     0.001372     0.001368     11446859 
   20.700     0.000015596     0.000934     0.000932     11400110 
   20.800    -0.000011805    -0.000714    -0.000708     11318238 
   20.900     0.000006681     0.000402     0.000399     11404178 
   21.000    -0.000007911    -0.000476    -0.000473     11356574 
   21.100     0.000004152     0.000251     0.000249     11262082 
   21.200     0.000000773     0.000047     0.000046     11383524 
   21.300     0.000007534     0.000450     0.000450     11274723 
   21.400     0.000005822     0.000351     0.000349     11345139 
   21.500     0.000036187     0.002171     0.002165     11395775 
   21.600     0.000030021     0.001810     0.001804     11307510 
   21.700     0.000020609     0.001233     0.001232     11298045 
   21.800     0.000015556     0.000932     0.000931     11342340 
   21.900    -0.000008293    -0.000498    -0.000498     11279131 
   22.000     0.000018398     0.001106     0.001104     11251836 
   22.100     0.000013368     0.000800     0.000799     11187152 
   22.200     0.000029462     0.001772     0.001763     11233646 
   22.300    -0.000004624    -0.000277    -0.000277     11277753 
   22.400     0.000016518     0.000998     0.000991     11343576 
   22.500     0.000035816     0.002140     0.002135     11268052 
   22.600     0.000052521     0.003147     0.003132     11266397 
   22.700     0.000040223     0.002421     0.002407     11311856 
   22.800     0.000046985     0.002815     0.002813     11328279 
   22.900     0.000036852     0.002205     0.002207     11223530 
   23.000     0.000012091     0.000726     0.000726     11291670 
   23.100     0.000047529     0.002857     0.002852     11253905 
   23.200     0.000028911     0.001736     0.001731     11265728 
   23.300     0.000033055     0.001982     0.001984     11265464 
   23.400     0.000010627     0.000640     0.000638     11308966 
   23.500     0.000013974     0.000843     0.000841     11303310 
   23.600    -0.000010518    -0.000628    -0.000628     11271890 
   23.700    -0.000014150    -0.000848    -0.000847     11211332 
   23.800     0.000023334     0.001403     0.001394     11203429 
   23.900     0.000008265     0.000495     0.000494     11177111 
   24.000    -0.000003726    -0.000224    -0.000223     11169472 
   24.100    -0.000017468    -0.001048    -0.001048     11200334 
   24.200    -0.000014011    -0.000840    -0.000841     11158724 
   24.300    -0.000018028    -0.001084    -0.001077     11173320 
   24.400    -0.000011689    -0.000705    -0.000701     11265387 
   24.500     0.000001516     0.000091     0.000091     11219841 
   24.600     0.000011576     0.000698     0.000694     11242929 
   24.700     0.000039396     0.002378     0.002360     11236501 
   24.800     0.000012161     0.000733     0.000728     11202966 
   24.900     0.000040164     0.002436     0.002419     11147770 
   25.000     0.000018338     0.001107     0.001104     11147481 
   25.100     0.000011854     0.000712     0.000709     11158211 
   25.200     0.000019668     0.001189     0.001182     11138261 
   25.300     0.000018473     0.001114     0.001107     11176384 
   25.400     0.000010408     0.000628     0.000624     11158042 
   25.500     0.000004241     0.000255     0.000254     11103219 
   25.600     0.000020314     0.001219     0.001211     11081676 
   25.700    -0.000006797    -0.000411    -0.000407     11028742 
   25.800     0.000012600     0.000761     0.000753     11119698 
   25.900     0.000002329     0.000141     0.000140     11030503 
   26.000    -0.000019241    -0.001160    -0.001153     11042585 
   26.100     0.000027382     0.001655     0.001647     10994706 
   26.200     0.000020342     0.001227     0.001216     11049922 
   26.300     0.000001115     0.000067     0.000067     10964068 
   26.400    -0.000003750    -0.000226    -0.000225     11023339 
   26.500     0.000028126     0.001699     0.001687     11051265 
   26.600     0.000007934     0.000481     0.000477     10986488 
   26.700     0.000039983     0.002416     0.002396     10976040 
   26.800     0.000015415     0.000928     0.000922     10895623 
   26.900     0.000021300     0.001282     0.001274     10932299 
   27.000     0.000017771     0.001072     0.001063     10917072 
   27.100     0.000012975     0.000787     0.000778     10810776 
   27.200    -0.000003957    -0.000239    -0.000237     10911808 
   27.300    -0.000014784    -0.000889    -0.000880     10856775 
   27.400     0.000016783     0.001006     0.000999     10898854 
   27.500     0.000026106     0.001565     0.001554     10868476 
   27.600     0.000033156     0.001980     0.001975     10846552 
   27.700     0.000056287     0.003384     0.003373     10882191 
   27.800     0.000041383     0.002472     0.002465     10894768 
   27.900     0.000042461     0.002530     0.002523     10965741 
   28.000     0.000041056     0.002460     0.002457     10898178 
   28.100     0.000024822     0.001485     0.001480     10837826 
   28.200     0.000030827     0.001851     0.001840     10889786 
   28.300     0.000012128     0.000721     0.000717     10878723 
   28.400     0.000023880     0.001422     0.001414     10841707 
   28.500     0.000036421     0.002173     0.002164     10773990 
   28.600     0.000029048     0.001745     0.001734     10800450 
   28.700     0.000030368     0.001812     0.001812     10826211 
   28.800     0.000007210     0.000432     0.000430     10954240 
   28.900     0.000011716     0.000701     0.000699     10898570 
   29.000     0.000030589     0.001827     0.001817     10858477 
   29.100     0.000019215     0.001149     0.001146     10832745 
   29.200     0.000045722     0.002711     0.002706     10762337 
   29.300     0.000035876     0.002151     0.002130     10733642 
   29.400     0.000002165     0.000130     0.000129     10872614 
   29.500     0.000032880     0.001978     0.001959     10799308 
   29.600     0.000060297     0.003632     0.003603     10799309 
   29.700     0.000021399     0.001288     0.001279     10728449 
   29.800     0.000025821     0.001557     0.001549     10736342 
   29.900     0.000022330     0.001342     0.001333     10675814 
   30.000     0.000005816     0.000349     0.000348     10734176 
   30.100     0.000020225     0.001213     0.001208     10719884 
   30.200     0.000022782     0.001366     0.001359     10747576 
   30.300     0.000018701     0.001132     0.001122     10878725 
   30.400     0.000040432     0.002439     0.002423     10762672 
   30.500     0.000049037     0.002943     0.002930     10701609 
   30.600     0.000046869     0.002818     0.002803     10743570 
   30.700     0.000031229     0.001893     0.001871     10783261 
   30.800     0.000022812     0.001372     0.001364     10697395 
   30.900     0.000041235     0.002497     0.002470     10690803 
   31.000     0.000015590     0.000941     0.000930     10722113 
   31.100     0.000011375     0.000686     0.000681     10691429 
   31.200     0.000012729     0.000767     0.000763     10779556 
   31.300    -0.000011043    -0.000671    -0.000665     10669142 
   31.400     0.000014327     0.000860     0.000858     10687230 
   31.500     0.000079218     0.004736     0.004733     10619801 
   31.600     0.000038143     0.002281     0.002277     10642434 
   31.700     0.000035089     0.002106     0.002095     10602513 
   31.800     0.000027544     0.001662     0.001647     10542687 
   31.900     0.000013683     0.000823     0.000817     10591502 
   32.000     0.000017855     0.001074     0.001069     10712527 
   32.100     0.000009970     0.000597     0.000596     10731752 
   32.200     0.000029884     0.001810     0.001792     10698462 
   32.300     0.000041032     0.002469     0.002451     10662754 
   32.400     0.000005927     0.000357     0.000355     10645349 
   32.500     0.000007812     0.000471     0.000467     10619139 
   32.600    -0.000000085    -0.000005    -0.000005     10557909 
   32.700    -0.000009112    -0.000549    -0.000545     10566241 
   32.800     0.000002067     0.000124     0.000124     10594577 
   32.900     0.000014513     0.000872     0.000869     10569916 
   33.000     0.000003314     0.000199     0.000198     10541827 
   33.100     0.000024969     0.001514     0.001495     10455705 
   33.200     0.000038743     0.002312     0.002304     10463701 
   33.300     0.000055994     0.003370     0.003347     10414457 
   33.400     0.000051203     0.003093     0.003068     10407385 
   33.500     0.000037086     0.002228     0.002215     10448703 
   33.600     0.000033033     0.001997     0.001976     10467519 
   33.700     0.000026372     0.001580     0.001567     10435717 
   33.800     0.000031767     0.001896     0.001895     10467861 
   33.900     0.000028813     0.001724     0.001712     10467331 
   34.000     0.000026452     0.001591     0.001581     10409095 
   34.100     0.000009517     0.000570     0.000565     10382857 
   34.200    -0.000000529    -0.000032    -0.000032     10389466 
   34.300     0.000020136     0.001216     0.001201     10424303 
   34.400     0.000057478     0.003465     0.003441     10437373 
   34.500     0.000022397     0.001345     0.001341     10364938 
   34.600     0.000019083     0.001143     0.001136     10299254 
   34.700     0.000027254     0.001639     0.001627     10344812 
   34.800     0.000045849     0.002754     0.002738     10302877 
   34.900     0.000011220     0.000674     0.000671     10336842 
   35.000     0.000014783     0.000894     0.000887     10285581 
   35.100     0.000014694     0.000882     0.000880     10353089 
   35.200    -0.000010222    -0.000616    -0.000613     10292095 
   35.300     0.000017723     0.001063     0.001064     10235133 
   35.400    -0.000007560    -0.000455    -0.000454     10239581 
   35.500     0.000023220     0.001404     0.001395     10310590 
   35.600     0.000024273     0.001465     0.001457     10285568 
   35.700     0.000012849     0.000773     0.000772     10269103 
   35.800     0.000037372     0.002252     0.002231     10190184 
   35.900     0.000023873     0.001437     0.001428     10321294 
   36.000     0.000020278     0.001222     0.001212     10357093 
   36.100     0.000031076     0.001874     0.001861     10269660 
   36.200     0.000018587     0.001127     0.001117     10285791 
   36.300     0.000023297     0.001411     0.001398     10251142 
   36.400     0.000003182     0.000192     0.000190     10149507 
   36.500     0.000020854     0.001255     0.001244     10173834 
   36.600     0.000081763     0.004945     0.004900     10106815 
   36.700     0.000059488     0.003602     0.003573     10100843 
   36.800     0.000051279     0.003089     0.003067     10168337 
   36.900     0.000057047     0.003443     0.003405     10212430 
   37.000     0.000042688     0.002573     0.002564     10137252 
   37.100     0.000008717     0.000524     0.000521     10092149 
   37.200     0.000032915     0.001986     0.001977     10099927 
   37.300     0.000048003     0.002897     0.002882     10106933 
   37.400     0.000031142     0.001868     0.001865     10165258 
   37.500     0.000019446     0.001158     0.001157     10081787 
   37.600     0.000011310     0.000681     0.000678     10060470 
   37.700     0.000007794     0.000475     0.000469     10192194 
   37.800     0.000009979     0.000602     0.000597     10148001 
   37.900     0.000002378     0.000142     0.000141     10216959 
   38.000    -0.000011182    -0.000669    -0.000665     10146614 
   38.100    -0.000006626    -0.000396    -0.000395     10149802 
   38.200     0.000000147     0.000009     0.000009     10208251 
   38.300     0.000002463     0.000148     0.000147     10068625 
   38.400     0.000035982     0.002165     0.002149     10048718 
   38.500     0.000041002     0.002468     0.002454     10134390 
   38.600    -0.000000491    -0.000030    -0.000030     10189081 
   38.700     0.000013251     0.000796     0.000792     10150439 
   38.800     0.000018836     0.001122     0.001120     10106942 
   38.900     0.000026185     0.001561     0.001559     10145671 
   39.000     0.000022381     0.001340     0.001331     10161183 
   39.100     0.000036679     0.002199     0.002179     10103892 
   39.200    -0.000002384    -0.000144    -0.000142     10159584 
   39.300     0.000014486     0.000871     0.000862     10110011 
   39.400     0.000026230     0.001576     0.001563     10126251 
   39.500     0.000006650     0.000398     0.000396     10110494 
   39.600     0.000002660     0.000160     0.000159     10140663 
   39.700     0.000024923     0.001483     0.001483     10109285 
   39.800     0.000017369     0.001046     0.001040     10052452 
   39.900     0.000028397     0.001702     0.001693     10022169 
   40.000     0.000039339     0.002350     0.002341      9943727 
   40.100     0.000005781     0.000345     0.000344      9959539 
   40.200     0.000021129     0.001278     0.001268      9975170 
   40.300     0.000025005     0.001504     0.001494     10025379 
   40.400    -0.000015674    -0.000934    -0.000933     10060839 
   40.500    -0.000004330    -0.000259    -0.000257      9995813 
   40.600     0.000036718     0.002208     0.002186      9956029 
   40.700     0.000027263     0.001655     0.001630      9955869 
   40.800     0.000025957     0.001559     0.001550      9981327 
   40.900     0.000027766     0.001665     0.001654      9892548 
   41.000     0.000015466     0.000929     0.000919      9882500 
   41.100     0.000011881     0.000718     0.000711      9875179 
   41.200     0.000005619     0.000340     0.000335      9945097 
   41.300     0.000027816     0.001671     0.001660      9932482 
   41.400    -0.000013621    -0.000822    -0.000817      9874660 
   41.500     0.000020635     0.001251     0.001235      9853601 
   41.600     0.000002043     0.000123     0.000122      9951953 
   41.700     0.000033782     0.002028     0.002013      9933582 
   41.800     0.000013121     0.000790     0.000783      9964911 
   41.900     0.000024649     0.001486     0.001477      9879947 
   42.000     0.000019729     0.001198     0.001184      9807584 
   42.100     0.000019565     0.001178     0.001171      9839742 
   42.200     0.000044612     0.002708     0.002685      9725733 
   42.300     0.000031762     0.001912     0.001897      9780440 
   42.400     0.000040614     0.002462     0.002438      9824098 
   42.500     0.000018999     0.001149     0.001139      9881880 
   42.600     0.000006717     0.000411     0.000405      9774551 
   42.700     0.000044389     0.002700     0.002661      9788455 
   42.800     0.000013301     0.000808     0.000797      9816388 
   42.900     0.000008987     0.000544     0.000537      9736429 
   43.000     0.000028386     0.001723     0.001704      9796256 
   43.100     0.000007384     0.000450     0.000444      9701139 
   43.200     0.000089791     0.005424     0.005362      9649975 
   43.300     0.000041868     0.002548     0.002522      9630555 
   43.400     0.000016851     0.001022     0.001011      9675703 
   43.500     0.000017646     0.001073     0.001059      9684001 
   43.600     0.000022712     0.001370     0.001359      9640733 
   43.700     0.000020767     0.001268     0.001251      9654073 
   43.800     0.000027003     0.001639     0.001616      9645008 
   43.900    -0.000002289    -0.000139    -0.000137      9657028 
   44.000     0.000018034     0.001093     0.001075      9618290 
   44.100     0.000012016     0.000728     0.000720      9632643 
   44.200     0.000008949     0.000545     0.000536      9544953 
   44.300     0.000018297     0.001108     0.001095      9643676 
   44.400     0.000029587     0.001799     0.001778      9616837 
   44.500     0.000021365     0.001304     0.001288      9481417 
   44.600     0.000015302     0.000927     0.000916      9495269 
   44.700     0.000037331     0.002267     0.002230      9495570 
   44.800     0.000013073     0.000797     0.000785      9530041 
   44.900     0.000040630     0.002453     0.002429      9491727 
   45.000     0.000015726     0.000944     0.000939      9490088 
   45.100     0.000037485     0.002249     0.002241      9518399 
   45.200     0.000028578     0.001726     0.001710      9445029 
   45.300     0.000022567     0.001364     0.001345      9436261 
   45.400     0.000009205     0.000562     0.000554      9386749 
   45.500     0.000008994     0.000542     0.000536      9429610 
   45.600     0.000033111     0.001985     0.001966      9388869 
   45.700     0.000046631     0.002812     0.002792      9365844 
   45.800    -0.000000692    -0.000042    -0.000041      9336915 
   45.900     0.000037952     0.002285     0.002264      9506036 
   46.000     0.000039695     0.002398     0.002373      9394080 
   46.100     0.000027422     0.001659     0.001642      9442669 
   46.200    -0.000009742    -0.000593    -0.000585      9334658 
   46.300     0.000020715     0.001250     0.001242      9359386 
   46.400     0.000002236     0.000135     0.000134      9381780 
   46.500     0.000000850     0.000051     0.000051      9374998 
   46.600     0.000015229     0.000918     0.000911      9334355 
   46.700     0.000020480     0.001230     0.001221      9379301 
   46.800     0.000038641     0.002346     0.002326      9373148 
   46.900     0.000018215     0.001103     0.001090      9295722 
   47.000     0.000021873     0.001330     0.001310      9289071 
   47.100     0.000038822     0.002342     0.002316      9294976 
   47.200     0.000019551     0.001188     0.001172      9253332 
   47.300     0.000001143     0.000069     0.000068      9182400 
   47.400     0.000031168     0.001886     0.001871      9236488 
   47.500     0.000005962     0.000360     0.000358      9213097 
   47.600     0.000021466     0.001291     0.001286      9191951 
   47.700     0.000024492     0.001470     0.001463      9238975 
   47.800     0.000028887     0.001737     0.001727      9251135 
   47.900     0.000036229     0.002195     0.002169      9100472 
   48.000     0.000048998     0.002979     0.002934      9165605 
   48.100    -0.000037811    -0.002286    -0.002260      9207734 
   48.200    -0.000007412    -0.000449    -0.000444      9152842 
   48.300    -0.000005010    -0.000300    -0.000299      9185001 
   48.400    -0.000003948    -0.000238    -0.000235      9111545 
   48.500     0.000003451     0.000208     0.000207      9139519 
   48.600    -0.000022251    -0.001353    -0.001339      9151475 
   48.700    -0.000023900    -0.001448    -0.001431      9100819 
   48.800    -0.000018562    -0.001121    -0.001108      9085709 
   48.900     0.000000057     0.000003     0.000003      9102637 
   49.000     0.000011316     0.000688     0.000680      9141194 
   49.100     0.000036027     0.002180     0.002154      9037531 
   49.200     0.000016623     0.001001     0.000996      9028246 
   49.300     0.000028662     0.001728     0.001717      8975611 
   49.400     0.000006111     0.000371     0.000367      9004880 
   49.500     0.000031948     0.001932     0.001916      9046667 
   49.600    -0.000004574    -0.000276    -0.000274      9177881 
   49.700    -0.000010665    -0.000649    -0.000642      9175908 
   49.800     0.000020205     0.001218     0.001211      9035485 
   49.900     0.000004146     0.000250     0.000248      8997334 
   50.000     0.000006672     0.000405     0.000401      8991119 
