 ##Z-score and correlation:: Krasnoyarsk_MLBA  binsize:     0.001000
    0.100     0.000584558     0.048742     0.048649    140221387 
    0.200     0.000154154     0.012906     0.012870    119265306 
    0.300     0.000080817     0.006775     0.006758    118543133 
    0.400     0.000050414     0.004251     0.004234    117018115 
    0.500     0.000044245     0.003742     0.003737    115776361 
    0.600     0.000039874     0.003348     0.003349    115398040 
    0.700     0.000039377     0.003279     0.003290    115060312 
    0.800     0.000032291     0.002703     0.002706    114099342 
    0.900     0.000039211     0.003292     0.003300    113696761 
    1.000     0.000034878     0.002938     0.002933    114028551 
    1.100     0.000025405     0.002127     0.002126    113485565 
    1.200     0.000027482     0.002297     0.002299    113583193 
    1.300     0.000020337     0.001687     0.001686    112908756 
    1.400     0.000025657     0.002153     0.002146    111991141 
    1.500     0.000023939     0.002013     0.002007    111805288 
    1.600     0.000019764     0.001655     0.001655    111671104 
    1.700     0.000021445     0.001800     0.001801    111068581 
    1.800     0.000018948     0.001581     0.001589    110729112 
    1.900     0.000023797     0.001990     0.001995    110834266 
    2.000     0.000019534     0.001623     0.001632    110527301 
    2.100     0.000020096     0.001681     0.001685    109893345 
    2.200     0.000021104     0.001773     0.001777    109984365 
    2.300     0.000019300     0.001607     0.001611    109823758 
    2.400     0.000018571     0.001551     0.001563    109069710 
    2.500     0.000017861     0.001487     0.001493    109305362 
    2.600     0.000026828     0.002250     0.002254    109247201 
    2.700     0.000013924     0.001168     0.001164    108943648 
    2.800     0.000015340     0.001277     0.001279    109209034 
    2.900     0.000017126     0.001436     0.001435    108820371 
    3.000     0.000017284     0.001446     0.001447    108819256 
    3.100     0.000020028     0.001678     0.001674    107800548 
    3.200     0.000020714     0.001734     0.001728    108494120 
    3.300     0.000014336     0.001202     0.001203    108479420 
    3.400     0.000011864     0.000990     0.000993    107708156 
    3.500     0.000018437     0.001540     0.001542    107839660 
    3.600     0.000017575     0.001484     0.001477    107555173 
    3.700     0.000017725     0.001491     0.001489    107039503 
    3.800     0.000020082     0.001692     0.001688    106819124 
    3.900     0.000012807     0.001074     0.001070    106569585 
    4.000     0.000010696     0.000900     0.000894    106103234 
    4.100     0.000011847     0.000991     0.000992    106285083 
    4.200     0.000014254     0.001191     0.001191    106034881 
    4.300     0.000017371     0.001446     0.001447    106303956 
    4.400     0.000008694     0.000730     0.000728    106490594 
    4.500     0.000007826     0.000655     0.000655    106951224 
    4.600     0.000012053     0.001005     0.001007    105763609 
    4.700     0.000007480     0.000625     0.000623    106150748 
    4.800     0.000006436     0.000537     0.000537    106627623 
    4.900     0.000013158     0.001097     0.001099    106299525 
    5.000     0.000020371     0.001696     0.001699    106419102 
    5.100     0.000011477     0.000961     0.000957    105956777 
    5.200     0.000014758     0.001239     0.001235    106466046 
    5.300     0.000007709     0.000644     0.000642    105634862 
    5.400     0.000014163     0.001184     0.001181    106446374 
    5.500     0.000008451     0.000712     0.000710    106207416 
    5.600     0.000010798     0.000904     0.000900    105976521 
    5.700     0.000004351     0.000361     0.000361    105692136 
    5.800     0.000008137     0.000680     0.000678    104452198 
    5.900     0.000005325     0.000443     0.000444    105511560 
    6.000     0.000008201     0.000684     0.000683    105867236 
    6.100     0.000008765     0.000731     0.000731    105878895 
    6.200     0.000014557     0.001211     0.001214    106241442 
    6.300     0.000007806     0.000651     0.000651    106351913 
    6.400     0.000006714     0.000564     0.000561    105875074 
    6.500     0.000009894     0.000827     0.000822    105749592 
    6.600     0.000011114     0.000924     0.000924    105924706 
    6.700     0.000010219     0.000856     0.000853    104486286 
    6.800     0.000012352     0.001021     0.001027    104655342 
    6.900     0.000010660     0.000887     0.000886    104239029 
    7.000     0.000001779     0.000148     0.000148    105535721 
    7.100     0.000001421     0.000119     0.000119    104855252 
    7.200     0.000013083     0.001096     0.001093    106335717 
    7.300     0.000007847     0.000654     0.000652    105132165 
    7.400     0.000007201     0.000601     0.000600    105292063 
    7.500     0.000006399     0.000540     0.000535    105211455 
    7.600     0.000008076     0.000671     0.000669    104603174 
    7.700     0.000005402     0.000451     0.000450    104676123 
    7.800     0.000007894     0.000658     0.000656    105007526 
    7.900     0.000015146     0.001262     0.001264    104186723 
    8.000     0.000015004     0.001247     0.001250    105098336 
    8.100     0.000002054     0.000171     0.000172    104760584 
    8.200     0.000006612     0.000549     0.000549    104948288 
    8.300     0.000008296     0.000692     0.000692    104695678 
    8.400     0.000008530     0.000713     0.000711    105112014 
    8.500     0.000008409     0.000701     0.000699    104845059 
    8.600     0.000003477     0.000288     0.000288    104775256 
    8.700     0.000002074     0.000172     0.000172    103893209 
    8.800     0.000004005     0.000334     0.000333    104660408 
    8.900     0.000001318     0.000110     0.000110    104636733 
    9.000     0.000002621     0.000219     0.000219    104493859 
    9.100     0.000002979     0.000248     0.000248    104222144 
    9.200     0.000004086     0.000340     0.000341    103747178 
    9.300     0.000009494     0.000794     0.000793    104418349 
    9.400     0.000005440     0.000452     0.000454    104341872 
    9.500     0.000000608     0.000050     0.000051    103716514 
    9.600     0.000004175     0.000348     0.000349    104325213 
    9.700    -0.000001082    -0.000091    -0.000091    103906364 
    9.800     0.000000488     0.000041     0.000041    103385892 
    9.900     0.000004648     0.000387     0.000387    104037974 
   10.000     0.000008573     0.000717     0.000715    103355586 
   10.100     0.000001829     0.000153     0.000152    103760371 
   10.200     0.000006738     0.000559     0.000560    103566834 
   10.300     0.000004799     0.000397     0.000397    103548208 
   10.400     0.000001887     0.000157     0.000157    103074387 
   10.500     0.000005295     0.000441     0.000441    102633302 
   10.600     0.000001833     0.000154     0.000153    103243694 
   10.700     0.000002409     0.000203     0.000202    102997675 
   10.800     0.000003834     0.000323     0.000321    102907331 
   10.900     0.000007534     0.000627     0.000628    102710745 
   11.000     0.000007566     0.000631     0.000632    102573545 
   11.100     0.000003518     0.000293     0.000294    102318385 
   11.200     0.000004758     0.000396     0.000397    101938986 
   11.300     0.000002469     0.000205     0.000206    102675293 
   11.400     0.000000233     0.000019     0.000019    102659656 
   11.500    -0.000002638    -0.000219    -0.000220    102979193 
   11.600     0.000010121     0.000845     0.000845    102946154 
   11.700     0.000001700     0.000142     0.000142    102301680 
   11.800     0.000002964     0.000247     0.000247    101440679 
   11.900     0.000009929     0.000832     0.000833    102714742 
   12.000     0.000006950     0.000581     0.000581    102415776 
   12.100     0.000007833     0.000653     0.000655    102017443 
   12.200     0.000000715     0.000060     0.000060    103228587 
   12.300     0.000006548     0.000549     0.000548    102264540 
   12.400     0.000002298     0.000193     0.000193    102468946 
   12.500     0.000011313     0.000950     0.000946    102615506 
   12.600     0.000006433     0.000542     0.000538    102733656 
   12.700     0.000004218     0.000355     0.000352    102043335 
   12.800     0.000008249     0.000689     0.000688    101692936 
   12.900     0.000002731     0.000229     0.000228    102055325 
   13.000     0.000004496     0.000378     0.000375    100581653 
   13.100     0.000005202     0.000435     0.000434    101253138 
   13.200     0.000009431     0.000791     0.000786    101055910 
   13.300     0.000006044     0.000507     0.000504    101485352 
   13.400    -0.000000023    -0.000002    -0.000002    100949701 
   13.500     0.000010024     0.000837     0.000837    100803826 
   13.600     0.000013386     0.001117     0.001117    100894046 
   13.700     0.000006530     0.000547     0.000544    100908932 
   13.800     0.000003138     0.000262     0.000261    101032635 
   13.900     0.000008735     0.000724     0.000723    100314026 
   14.000     0.000011057     0.000912     0.000914    100944612 
   14.100     0.000008514     0.000707     0.000708    100443011 
   14.200     0.000003716     0.000309     0.000309    100545591 
   14.300     0.000008450     0.000703     0.000702    100804426 
   14.400     0.000001612     0.000134     0.000134    100580606 
   14.500     0.000002482     0.000206     0.000206     99952598 
   14.600     0.000008139     0.000678     0.000679     99990500 
   14.700     0.000000928     0.000077     0.000077     99952162 
   14.800     0.000002617     0.000218     0.000218     99874934 
   14.900     0.000009164     0.000763     0.000762     99993806 
   15.000     0.000003855     0.000321     0.000320     99715235 
   15.100     0.000005991     0.000503     0.000500    100010362 
   15.200     0.000011050     0.000923     0.000923     99948850 
   15.300     0.000001860     0.000155     0.000156    100484975 
   15.400     0.000001297     0.000109     0.000108    100453658 
   15.500    -0.000003248    -0.000272    -0.000271    100167337 
   15.600     0.000003846     0.000322     0.000320    100348892 
   15.700     0.000004730     0.000396     0.000394     99525753 
   15.800    -0.000001274    -0.000107    -0.000106     99686312 
   15.900     0.000002147     0.000179     0.000179    100181089 
   16.000     0.000004969     0.000414     0.000413     99701378 
   16.100     0.000007020     0.000584     0.000586    100701579 
   16.200     0.000005456     0.000454     0.000456     99942787 
   16.300     0.000001628     0.000136     0.000136     99623195 
   16.400     0.000008673     0.000721     0.000722    100277195 
   16.500     0.000009172     0.000761     0.000761    100473092 
   16.600     0.000006034     0.000503     0.000503     99924843 
   16.700     0.000001260     0.000105     0.000105     99912766 
   16.800    -0.000001205    -0.000101    -0.000100    100378615 
   16.900     0.000011464     0.000955     0.000954     99396437 
   17.000    -0.000000286    -0.000024    -0.000024     99992558 
   17.100     0.000002792     0.000232     0.000233    101335175 
   17.200    -0.000002328    -0.000194    -0.000194    100384887 
   17.300     0.000001026     0.000086     0.000085     99979569 
   17.400     0.000002903     0.000242     0.000242     99408164 
   17.500     0.000000843     0.000071     0.000071     99316492 
   17.600     0.000003257     0.000274     0.000273     98859081 
   17.700     0.000005860     0.000487     0.000488     99497479 
   17.800     0.000000770     0.000064     0.000064     99821519 
   17.900     0.000001990     0.000166     0.000166     99985909 
   18.000     0.000000502     0.000042     0.000042     99350094 
   18.100     0.000008320     0.000694     0.000694     99071886 
   18.200     0.000004011     0.000334     0.000335     99811280 
   18.300     0.000008221     0.000687     0.000685     99967765 
   18.400    -0.000003574    -0.000300    -0.000299     99600956 
   18.500    -0.000001477    -0.000124    -0.000124     99382236 
   18.600     0.000003571     0.000298     0.000297     99006237 
   18.700    -0.000003473    -0.000293    -0.000292     99466217 
   18.800     0.000005549     0.000466     0.000465     99749499 
   18.900     0.000000341     0.000029     0.000028     99258459 
   19.000     0.000003817     0.000319     0.000317     98945993 
   19.100    -0.000002434    -0.000204    -0.000203     99018373 
   19.200     0.000004761     0.000396     0.000395     98834430 
   19.300     0.000005264     0.000438     0.000437     98670918 
   19.400     0.000006419     0.000534     0.000535     99407001 
   19.500    -0.000001993    -0.000165    -0.000166     99587142 
   19.600     0.000001708     0.000142     0.000142     98371046 
   19.700     0.000008930     0.000747     0.000746     99328753 
   19.800     0.000002340     0.000197     0.000196     99625253 
   19.900     0.000007116     0.000594     0.000590     98974066 
   20.000     0.000002201     0.000183     0.000182     98545158 
   20.100     0.000003738     0.000314     0.000312     98648033 
   20.200    -0.000001087    -0.000091    -0.000090     98323849 
   20.300     0.000004445     0.000369     0.000370     99122503 
   20.400     0.000002555     0.000213     0.000213     98760451 
   20.500    -0.000002042    -0.000170    -0.000170     98925592 
   20.600     0.000000032     0.000003     0.000003     98993448 
   20.700    -0.000003777    -0.000315    -0.000315     98454336 
   20.800    -0.000001039    -0.000087    -0.000087     97800143 
   20.900     0.000006250     0.000524     0.000523     98226943 
   21.000     0.000001118     0.000094     0.000094     98019171 
   21.100     0.000000514     0.000043     0.000043     97238227 
   21.200    -0.000002118    -0.000177    -0.000176     98189111 
   21.300     0.000006145     0.000511     0.000510     97353742 
   21.400     0.000003005     0.000251     0.000250     97920808 
   21.500     0.000003731     0.000313     0.000312     98153894 
   21.600     0.000000717     0.000060     0.000060     97734379 
   21.700    -0.000004952    -0.000412    -0.000412     97563487 
   21.800     0.000000156     0.000013     0.000013     97850826 
   21.900     0.000003586     0.000298     0.000298     97552682 
   22.000     0.000000486     0.000040     0.000040     97069559 
   22.100     0.000003918     0.000323     0.000325     96480278 
   22.200     0.000000311     0.000026     0.000026     97052519 
   22.300     0.000001091     0.000091     0.000091     97414668 
   22.400    -0.000001811    -0.000151    -0.000151     97842794 
   22.500    -0.000005946    -0.000495    -0.000494     97163308 
   22.600     0.000000457     0.000038     0.000038     97424261 
   22.700    -0.000000154    -0.000013    -0.000013     97955008 
   22.800    -0.000000738    -0.000061    -0.000061     97927226 
   22.900     0.000006926     0.000574     0.000575     96864573 
   23.000     0.000006707     0.000556     0.000557     97386086 
   23.100     0.000001516     0.000126     0.000126     97286533 
   23.200    -0.000001035    -0.000086    -0.000086     97453952 
   23.300    -0.000012328    -0.001022    -0.001025     97325989 
   23.400    -0.000005620    -0.000466    -0.000467     97833935 
   23.500    -0.000000134    -0.000011    -0.000011     97484388 
   23.600    -0.000000548    -0.000045    -0.000046     97170423 
   23.700     0.000004387     0.000364     0.000365     96716720 
   23.800    -0.000000245    -0.000020    -0.000020     96541757 
   23.900     0.000003740     0.000312     0.000311     96498806 
   24.000     0.000004324     0.000358     0.000358     96360066 
   24.100     0.000009033     0.000752     0.000751     96703230 
   24.200     0.000002321     0.000193     0.000193     96400391 
   24.300    -0.000000368    -0.000031    -0.000031     96377756 
   24.400     0.000003078     0.000257     0.000257     97235323 
   24.500     0.000001156     0.000097     0.000096     96923294 
   24.600     0.000010116     0.000839     0.000837     97269780 
   24.700     0.000003695     0.000308     0.000307     97052878 
   24.800     0.000000206     0.000017     0.000017     96619272 
   24.900    -0.000002063    -0.000172    -0.000172     96400506 
   25.000     0.000002390     0.000199     0.000199     96239296 
   25.100    -0.000002029    -0.000169    -0.000169     96454755 
   25.200    -0.000000340    -0.000028    -0.000028     96318614 
   25.300    -0.000004344    -0.000361    -0.000362     96427503 
   25.400     0.000001268     0.000106     0.000106     96223552 
   25.500    -0.000002338    -0.000195    -0.000195     95831390 
   25.600    -0.000002874    -0.000239    -0.000238     95545488 
   25.700     0.000005031     0.000423     0.000420     95296093 
   25.800     0.000006289     0.000523     0.000521     95961697 
   25.900     0.000004757     0.000397     0.000395     95179453 
   26.000     0.000002156     0.000180     0.000180     95351645 
   26.100    -0.000003171    -0.000266    -0.000265     95131041 
   26.200     0.000001578     0.000132     0.000131     95433341 
   26.300     0.000008169     0.000680     0.000679     94729648 
   26.400     0.000008701     0.000726     0.000725     95045634 
   26.500     0.000004395     0.000367     0.000367     95301183 
   26.600     0.000003032     0.000255     0.000253     94881127 
   26.700     0.000001459     0.000122     0.000121     94719485 
   26.800     0.000002171     0.000181     0.000181     93987032 
   26.900     0.000010826     0.000905     0.000903     94427242 
   27.000     0.000006756     0.000563     0.000561     94211871 
   27.100     0.000003249     0.000272     0.000271     93465870 
   27.200    -0.000001645    -0.000137    -0.000137     94255252 
   27.300     0.000004668     0.000393     0.000388     93561298 
   27.400    -0.000001773    -0.000148    -0.000148     94076856 
   27.500    -0.000003501    -0.000292    -0.000290     93719102 
   27.600     0.000001266     0.000105     0.000105     93753961 
   27.700    -0.000001981    -0.000166    -0.000165     94017313 
   27.800     0.000006068     0.000508     0.000505     94014013 
   27.900     0.000008096     0.000672     0.000673     94530926 
   28.000     0.000004961     0.000414     0.000415     93940411 
   28.100     0.000010080     0.000843     0.000842     93479681 
   28.200     0.000007588     0.000634     0.000633     93863547 
   28.300     0.000006419     0.000535     0.000533     93736266 
   28.400     0.000008574     0.000715     0.000711     93351548 
   28.500     0.000000321     0.000027     0.000027     92803142 
   28.600     0.000006187     0.000519     0.000516     93200980 
   28.700     0.000006570     0.000547     0.000547     93197997 
   28.800     0.000005106     0.000427     0.000425     94340177 
   28.900    -0.000005529    -0.000460    -0.000461     93958619 
   29.000    -0.000007097    -0.000592    -0.000589     93518634 
   29.100    -0.000003681    -0.000307    -0.000306     93305225 
   29.200    -0.000001719    -0.000143    -0.000143     92746806 
   29.300    -0.000001446    -0.000121    -0.000120     92499189 
   29.400     0.000001296     0.000109     0.000108     93895127 
   29.500     0.000003775     0.000315     0.000314     93046217 
   29.600     0.000002471     0.000207     0.000206     92939852 
   29.700     0.000003339     0.000280     0.000279     92494908 
   29.800    -0.000005606    -0.000468    -0.000468     92264649 
   29.900     0.000000332     0.000028     0.000028     91906006 
   30.000    -0.000001689    -0.000141    -0.000141     92674913 
   30.100     0.000004738     0.000395     0.000394     92496112 
   30.200     0.000000743     0.000062     0.000062     92673426 
   30.300     0.000000877     0.000073     0.000073     93784312 
   30.400     0.000006686     0.000557     0.000556     92827103 
   30.500    -0.000003910    -0.000324    -0.000324     92314611 
   30.600    -0.000000912    -0.000076    -0.000076     92783278 
   30.700    -0.000004671    -0.000392    -0.000389     93008454 
   30.800    -0.000000898    -0.000075    -0.000075     92172697 
   30.900     0.000003559     0.000296     0.000296     92165433 
   31.000    -0.000000398    -0.000033    -0.000033     92374322 
   31.100    -0.000002877    -0.000240    -0.000240     92120966 
   31.200    -0.000004964    -0.000418    -0.000415     92810321 
   31.300    -0.000004234    -0.000354    -0.000352     91908834 
   31.400    -0.000001218    -0.000102    -0.000102     92093972 
   31.500     0.000008086     0.000673     0.000673     91711467 
   31.600     0.000008240     0.000685     0.000684     91834887 
   31.700     0.000005276     0.000440     0.000438     91177426 
   31.800    -0.000003301    -0.000276    -0.000275     90741038 
   31.900    -0.000004021    -0.000336    -0.000334     91256885 
   32.000    -0.000002955    -0.000247    -0.000246     92357981 
   32.100    -0.000001018    -0.000084    -0.000084     92390202 
   32.200    -0.000002233    -0.000186    -0.000185     92215135 
   32.300     0.000000651     0.000054     0.000054     91764017 
   32.400     0.000001803     0.000150     0.000149     91646694 
   32.500    -0.000008890    -0.000743    -0.000740     91479380 
   32.600    -0.000000839    -0.000070    -0.000070     91002080 
   32.700     0.000000159     0.000013     0.000013     91029976 
   32.800    -0.000001227    -0.000102    -0.000102     91278813 
   32.900    -0.000000308    -0.000026    -0.000026     91073291 
   33.000    -0.000001380    -0.000116    -0.000115     90626925 
   33.100     0.000006419     0.000540     0.000536     90220059 
   33.200     0.000004124     0.000343     0.000343     90152663 
   33.300     0.000000885     0.000074     0.000074     89869291 
   33.400     0.000003272     0.000274     0.000272     89851569 
   33.500     0.000001611     0.000134     0.000133     89980628 
   33.600     0.000000151     0.000013     0.000013     90400340 
   33.700     0.000009836     0.000822     0.000818     90102522 
   33.800     0.000004439     0.000369     0.000369     90238963 
   33.900    -0.000005238    -0.000438    -0.000435     90259526 
   34.000    -0.000004884    -0.000406    -0.000406     89947590 
   34.100     0.000000266     0.000022     0.000022     89658933 
   34.200     0.000003183     0.000265     0.000265     89601900 
   34.300     0.000002804     0.000233     0.000233     89783462 
   34.400    -0.000003279    -0.000272    -0.000273     89869083 
   34.500     0.000000430     0.000036     0.000036     89326030 
   34.600    -0.000001623    -0.000134    -0.000134     88857544 
   34.700    -0.000003387    -0.000281    -0.000280     89354935 
   34.800    -0.000002237    -0.000185    -0.000185     89036469 
   34.900    -0.000005325    -0.000441    -0.000441     89400870 
   35.000    -0.000004022    -0.000337    -0.000335     88927601 
   35.100     0.000008747     0.000731     0.000728     89424761 
   35.200     0.000003574     0.000299     0.000297     88770729 
   35.300     0.000000958     0.000080     0.000080     88372326 
   35.400     0.000006452     0.000539     0.000537     88474471 
   35.500    -0.000001186    -0.000099    -0.000099     89120781 
   35.600     0.000008069     0.000670     0.000668     88987470 
   35.700     0.000000522     0.000044     0.000044     88754674 
   35.800     0.000004671     0.000388     0.000388     88096672 
   35.900     0.000002705     0.000225     0.000225     88955973 
   36.000     0.000002688     0.000224     0.000224     89222781 
   36.100     0.000001937     0.000161     0.000161     88566734 
   36.200     0.000002999     0.000248     0.000248     89065100 
   36.300     0.000002221     0.000184     0.000185     88587408 
   36.400     0.000008599     0.000713     0.000715     87767954 
   36.500     0.000002480     0.000206     0.000206     87913435 
   36.600     0.000001539     0.000128     0.000128     87306902 
   36.700     0.000002912     0.000246     0.000244     87275329 
   36.800     0.000002112     0.000175     0.000176     87731005 
   36.900     0.000000606     0.000051     0.000050     88141281 
   37.000    -0.000003208    -0.000268    -0.000268     87482035 
   37.100    -0.000003033    -0.000253    -0.000252     87184581 
   37.200    -0.000003287    -0.000275    -0.000274     87280387 
   37.300    -0.000001327    -0.000112    -0.000111     87315194 
   37.400    -0.000003776    -0.000315    -0.000315     88013511 
   37.500    -0.000007253    -0.000604    -0.000604     87191398 
   37.600     0.000003365     0.000281     0.000281     87156152 
   37.700    -0.000003784    -0.000318    -0.000317     88003373 
   37.800    -0.000004914    -0.000411    -0.000408     87528472 
   37.900    -0.000006328    -0.000528    -0.000524     88195745 
   38.000     0.000000663     0.000055     0.000055     87520395 
   38.100    -0.000008480    -0.000704    -0.000705     87459453 
   38.200    -0.000005431    -0.000451    -0.000451     88162569 
   38.300     0.000001196     0.000099     0.000099     86766788 
   38.400     0.000001707     0.000143     0.000142     86572183 
   38.500    -0.000000169    -0.000014    -0.000014     87264949 
   38.600    -0.000003262    -0.000272    -0.000273     87762356 
   38.700    -0.000000038    -0.000003    -0.000003     87551946 
   38.800     0.000000776     0.000064     0.000064     87147756 
   38.900    -0.000003199    -0.000267    -0.000266     87464088 
   39.000     0.000000876     0.000073     0.000072     87638608 
   39.100     0.000004707     0.000389     0.000389     87221719 
   39.200    -0.000005958    -0.000497    -0.000494     87599220 
   39.300    -0.000000389    -0.000032    -0.000032     87328291 
   39.400    -0.000004462    -0.000371    -0.000370     87235532 
   39.500    -0.000003698    -0.000308    -0.000307     87130623 
   39.600    -0.000005801    -0.000483    -0.000482     87305010 
   39.700     0.000000613     0.000051     0.000051     87067196 
   39.800     0.000003377     0.000283     0.000282     86510769 
   39.900     0.000000210     0.000018     0.000018     86462545 
   40.000     0.000000566     0.000047     0.000047     85686775 
   40.100     0.000000502     0.000042     0.000042     85839694 
   40.200     0.000010606     0.000893     0.000890     86079880 
   40.300     0.000004461     0.000371     0.000371     86369279 
   40.400     0.000006141     0.000507     0.000510     86817263 
   40.500    -0.000000583    -0.000049    -0.000048     86183995 
   40.600     0.000000108     0.000009     0.000009     85829526 
   40.700    -0.000003549    -0.000299    -0.000295     85819719 
   40.800    -0.000000912    -0.000076    -0.000076     86114538 
   40.900    -0.000004848    -0.000400    -0.000402     85506785 
   41.000     0.000000186     0.000015     0.000015     85287631 
   41.100     0.000000842     0.000070     0.000070     85110809 
   41.200     0.000006200     0.000521     0.000518     85700069 
   41.300     0.000010070     0.000832     0.000835     85606323 
   41.400     0.000006568     0.000546     0.000546     85274019 
   41.500     0.000004053     0.000340     0.000337     85199210 
   41.600     0.000004774     0.000396     0.000394     85913967 
   41.700     0.000007553     0.000626     0.000623     85720672 
   41.800     0.000004201     0.000349     0.000348     86009920 
   41.900     0.000006424     0.000537     0.000535     85262868 
   42.000    -0.000002088    -0.000175    -0.000174     84634499 
   42.100     0.000001321     0.000111     0.000110     84682937 
   42.200     0.000000380     0.000032     0.000032     83839498 
   42.300     0.000000688     0.000057     0.000057     84360572 
   42.400     0.000002908     0.000242     0.000242     84841128 
   42.500     0.000002315     0.000193     0.000193     85299919 
   42.600     0.000008525     0.000716     0.000713     84544294 
   42.700    -0.000002422    -0.000203    -0.000202     84560752 
   42.800     0.000005807     0.000487     0.000484     84709315 
   42.900     0.000003030     0.000253     0.000252     84113872 
   43.000     0.000004909     0.000412     0.000410     84612190 
   43.100     0.000001715     0.000144     0.000144     83868139 
   43.200     0.000000592     0.000050     0.000049     83337574 
   43.300    -0.000001039    -0.000088    -0.000087     83227801 
   43.400    -0.000006885    -0.000577    -0.000574     83661381 
   43.500    -0.000007853    -0.000661    -0.000656     83666197 
   43.600    -0.000001621    -0.000136    -0.000135     83196590 
   43.700    -0.000002345    -0.000198    -0.000196     83259491 
   43.800     0.000004368     0.000366     0.000363     83296771 
   43.900     0.000006504     0.000548     0.000543     83512222 
   44.000     0.000000336     0.000028     0.000028     83156983 
   44.100    -0.000001841    -0.000155    -0.000154     83365394 
   44.200     0.000000378     0.000032     0.000031     82516537 
   44.300    -0.000003169    -0.000267    -0.000265     83290764 
   44.400    -0.000000682    -0.000057    -0.000057     83184486 
   44.500    -0.000001420    -0.000120    -0.000119     81941803 
   44.600    -0.000000964    -0.000080    -0.000080     81994327 
   44.700     0.000000479     0.000040     0.000040     82217476 
   44.800    -0.000001634    -0.000137    -0.000136     82464418 
   44.900     0.000000387     0.000032     0.000032     81953313 
   45.000     0.000004099     0.000341     0.000340     81875300 
   45.100     0.000004072     0.000339     0.000337     82171003 
   45.200    -0.000006323    -0.000529    -0.000525     81598934 
   45.300    -0.000008390    -0.000700    -0.000696     81672015 
   45.400    -0.000000797    -0.000067    -0.000066     81195274 
   45.500    -0.000006326    -0.000533    -0.000528     81643761 
   45.600    -0.000003806    -0.000318    -0.000317     81145044 
   45.700    -0.000002563    -0.000213    -0.000213     80880257 
   45.800    -0.000002137    -0.000178    -0.000178     80997927 
   45.900    -0.000001958    -0.000164    -0.000163     82264164 
   46.000    -0.000002180    -0.000184    -0.000182     81195741 
   46.100    -0.000001810    -0.000152    -0.000151     81497727 
   46.200     0.000001256     0.000105     0.000105     80658713 
   46.300     0.000003297     0.000276     0.000276     80947609 
   46.400    -0.000000788    -0.000066    -0.000066     81060492 
   46.500     0.000002776     0.000231     0.000231     80978475 
   46.600    -0.000001948    -0.000162    -0.000162     80783012 
   46.700     0.000003134     0.000261     0.000260     81137384 
   46.800    -0.000000921    -0.000077    -0.000077     81040068 
   46.900    -0.000002574    -0.000215    -0.000213     80382677 
   47.000     0.000002495     0.000208     0.000207     80230017 
   47.100     0.000009209     0.000769     0.000765     80496710 
   47.200     0.000003778     0.000318     0.000315     80085819 
   47.300     0.000006975     0.000581     0.000578     79402740 
   47.400     0.000000440     0.000037     0.000037     79788789 
   47.500    -0.000002776    -0.000231    -0.000232     79742289 
   47.600    -0.000000745    -0.000062    -0.000062     79346284 
   47.700    -0.000002145    -0.000178    -0.000178     79876864 
   47.800    -0.000000569    -0.000047    -0.000047     80050785 
   47.900    -0.000000475    -0.000040    -0.000040     78831660 
   48.000    -0.000001832    -0.000153    -0.000153     79061688 
   48.100     0.000003412     0.000285     0.000284     79447911 
   48.200     0.000005497     0.000461     0.000458     79009664 
   48.300     0.000002429     0.000201     0.000201     79217278 
   48.400     0.000000282     0.000024     0.000023     78546410 
   48.500     0.000005495     0.000455     0.000456     78844193 
   48.600    -0.000005197    -0.000434    -0.000434     79167279 
   48.700     0.000000620     0.000052     0.000052     78533574 
   48.800     0.000002425     0.000202     0.000201     78335398 
   48.900     0.000006263     0.000521     0.000520     78477152 
   49.000     0.000002303     0.000193     0.000192     78800968 
   49.100     0.000012309     0.001033     0.001025     77974659 
   49.200     0.000007490     0.000625     0.000625     78020220 
   49.300    -0.000001598    -0.000133    -0.000133     77512977 
   49.400    -0.000002261    -0.000189    -0.000189     77757239 
   49.500    -0.000004388    -0.000366    -0.000365     78210706 
   49.600    -0.000001399    -0.000116    -0.000116     79333016 
   49.700    -0.000000003    -0.000000    -0.000000     79293881 
   49.800    -0.000002196    -0.000183    -0.000183     78236273 
   49.900     0.000000312     0.000026     0.000026     77807104 
   50.000     0.000004537     0.000379     0.000379     77475576 
