 ##Z-score and correlation:: Zevakinskiy_LBA  binsize:     0.001000
    0.100     0.000652489     0.047000     0.047014     51827552 
    0.200     0.000198487     0.014270     0.014266     44027650 
    0.300     0.000108335     0.007812     0.007801     43746357 
    0.400     0.000085548     0.006215     0.006194     43275557 
    0.500     0.000080473     0.005861     0.005843     42718472 
    0.600     0.000081496     0.005885     0.005887     42640556 
    0.700     0.000069086     0.004980     0.004983     42547478 
    0.800     0.000080150     0.005803     0.005787     42144633 
    0.900     0.000058615     0.004244     0.004239     41960902 
    1.000     0.000054211     0.003929     0.003901     42102616 
    1.100     0.000062567     0.004547     0.004524     41896101 
    1.200     0.000052215     0.003778     0.003770     41973783 
    1.300     0.000054805     0.003928     0.003921     41708221 
    1.400     0.000047172     0.003423     0.003406     41367602 
    1.500     0.000046997     0.003405     0.003399     41271471 
    1.600     0.000042747     0.003100     0.003090     41334705 
    1.700     0.000038816     0.002812     0.002805     41081257 
    1.800     0.000046928     0.003383     0.003393     40894049 
    1.900     0.000051511     0.003707     0.003722     40949780 
    2.000     0.000042470     0.003067     0.003066     40827406 
    2.100     0.000035466     0.002574     0.002577     40622265 
    2.200     0.000035411     0.002560     0.002570     40581432 
    2.300     0.000035944     0.002583     0.002584     40587856 
    2.400     0.000036435     0.002624     0.002633     40252262 
    2.500     0.000029873     0.002139     0.002148     40356817 
    2.600     0.000032826     0.002368     0.002375     40382357 
    2.700     0.000032783     0.002358     0.002357     40229690 
    2.800     0.000038011     0.002734     0.002738     40302510 
    2.900     0.000046255     0.003337     0.003339     40133351 
    3.000     0.000039913     0.002879     0.002878     40146828 
    3.100     0.000043108     0.003103     0.003101     39799929 
    3.200     0.000037684     0.002721     0.002715     40097157 
    3.300     0.000029410     0.002118     0.002117     40097978 
    3.400     0.000030095     0.002179     0.002168     39779128 
    3.500     0.000026434     0.001907     0.001904     39839980 
    3.600     0.000038237     0.002782     0.002768     39724129 
    3.700     0.000027298     0.001979     0.001976     39499699 
    3.800     0.000021073     0.001528     0.001528     39444386 
    3.900     0.000023452     0.001695     0.001689     39312440 
    4.000     0.000033588     0.002428     0.002422     39212155 
    4.100     0.000035913     0.002585     0.002582     39215125 
    4.200     0.000024737     0.001781     0.001778     39188908 
    4.300     0.000020270     0.001457     0.001458     39251959 
    4.400     0.000029001     0.002105     0.002099     39267729 
    4.500     0.000033208     0.002389     0.002388     39428136 
    4.600     0.000028422     0.002049     0.002053     39011953 
    4.700     0.000042380     0.003060     0.003044     39190436 
    4.800     0.000046299     0.003339     0.003332     39346272 
    4.900     0.000031404     0.002257     0.002264     39257895 
    5.000     0.000026623     0.001911     0.001917     39312486 
    5.100     0.000017049     0.001226     0.001225     39139969 
    5.200     0.000024995     0.001804     0.001795     39314776 
    5.300     0.000020127     0.001450     0.001445     38975022 
    5.400     0.000030418     0.002186     0.002179     39357018 
    5.500     0.000028657     0.002083     0.002076     39160586 
    5.600     0.000014737     0.001062     0.001059     39100069 
    5.700     0.000025784     0.001853     0.001854     38987594 
    5.800     0.000017962     0.001289     0.001290     38598221 
    5.900     0.000015026     0.001082     0.001084     38970259 
    6.000     0.000024837     0.001781     0.001779     39081134 
    6.100     0.000023945     0.001728     0.001723     39110064 
    6.200     0.000025752     0.001854     0.001856     39270086 
    6.300     0.000014051     0.001010     0.001013     39287075 
    6.400     0.000009076     0.000655     0.000656     39075361 
    6.500     0.000020719     0.001483     0.001482     39048215 
    6.600     0.000017907     0.001291     0.001288     39146756 
    6.700     0.000030159     0.002174     0.002173     38575440 
    6.800     0.000018880     0.001356     0.001358     38620165 
    6.900     0.000012732     0.000917     0.000918     38477116 
    7.000     0.000019954     0.001436     0.001438     38947911 
    7.100     0.000011217     0.000807     0.000809     38752718 
    7.200     0.000006839     0.000492     0.000493     39257413 
    7.300     0.000025574     0.001836     0.001839     38756162 
    7.400     0.000029226     0.002106     0.002102     38825775 
    7.500     0.000016848     0.001223     0.001215     38852759 
    7.600     0.000026729     0.001923     0.001916     38553800 
    7.700     0.000013770     0.000992     0.000990     38575305 
    7.800     0.000020207     0.001447     0.001445     38744491 
    7.900     0.000027244     0.001965     0.001965     38397137 
    8.000     0.000026563     0.001906     0.001908     38761213 
    8.100     0.000021527     0.001545     0.001546     38630424 
    8.200     0.000017776     0.001276     0.001276     38712890 
    8.300     0.000017686     0.001268     0.001269     38636886 
    8.400     0.000011784     0.000846     0.000845     38796155 
    8.500     0.000019840     0.001427     0.001421     38674595 
    8.600     0.000028662     0.002050     0.002042     38683812 
    8.700     0.000023130     0.001657     0.001647     38373552 
    8.800     0.000020848     0.001502     0.001495     38602143 
    8.900     0.000017066     0.001229     0.001225     38601961 
    9.000     0.000013819     0.000996     0.000994     38551459 
    9.100     0.000026544     0.001911     0.001911     38470484 
    9.200     0.000018273     0.001312     0.001315     38280246 
    9.300     0.000018933     0.001363     0.001362     38477465 
    9.400     0.000021777     0.001561     0.001566     38529455 
    9.500     0.000007556     0.000541     0.000541     38269126 
    9.600     0.000006897     0.000499     0.000497     38460506 
    9.700     0.000005032     0.000365     0.000363     38372670 
    9.800    -0.000002098    -0.000151    -0.000150     38203815 
    9.900     0.000000139     0.000010     0.000010     38383516 
   10.000    -0.000000398    -0.000029    -0.000029     38147424 
   10.100     0.000017680     0.001264     0.001263     38281154 
   10.200     0.000015666     0.001121     0.001121     38205116 
   10.300     0.000014617     0.001049     0.001044     38240350 
   10.400     0.000015672     0.001130     0.001125     38047740 
   10.500     0.000013370     0.000961     0.000961     37857896 
   10.600     0.000009192     0.000666     0.000662     38098065 
   10.700     0.000015669     0.001140     0.001129     37960690 
   10.800     0.000005956     0.000432     0.000430     37895444 
   10.900     0.000004748     0.000341     0.000341     37884037 
   11.000     0.000011703     0.000842     0.000842     37889758 
   11.100     0.000009715     0.000699     0.000697     37739509 
   11.200     0.000016162     0.001163     0.001160     37613817 
   11.300     0.000019481     0.001396     0.001392     37837597 
   11.400     0.000007981     0.000572     0.000572     37894244 
   11.500     0.000016028     0.001149     0.001148     37994395 
   11.600     0.000022005     0.001576     0.001574     37957879 
   11.700     0.000019323     0.001388     0.001389     37741472 
   11.800     0.000016208     0.001167     0.001166     37435495 
   11.900     0.000012585     0.000914     0.000914     37866026 
   12.000     0.000016879     0.001218     0.001217     37778600 
   12.100     0.000007410     0.000535     0.000535     37652581 
   12.200     0.000012079     0.000869     0.000868     38089496 
   12.300     0.000015962     0.001152     0.001150     37700959 
   12.400     0.000010070     0.000728     0.000727     37781470 
   12.500     0.000007754     0.000564     0.000557     37908458 
   12.600     0.000019124     0.001384     0.001373     37870989 
   12.700     0.000018056     0.001313     0.001300     37632736 
   12.800     0.000024818     0.001799     0.001782     37545061 
   12.900     0.000020870     0.001506     0.001501     37681473 
   13.000     0.000025089     0.001809     0.001799     37153842 
   13.100     0.000002958     0.000213     0.000213     37352363 
   13.200     0.000013392     0.000968     0.000964     37319580 
   13.300     0.000006033     0.000437     0.000435     37387140 
   13.400     0.000020046     0.001450     0.001450     37238440 
   13.500     0.000015747     0.001133     0.001132     37203225 
   13.600     0.000013941     0.001010     0.001006     37212108 
   13.700     0.000008956     0.000649     0.000646     37213872 
   13.800     0.000012250     0.000883     0.000884     37278682 
   13.900     0.000018845     0.001349     0.001349     36973557 
   14.000     0.000023832     0.001702     0.001707     37178193 
   14.100     0.000024060     0.001729     0.001728     37065259 
   14.200     0.000018034     0.001301     0.001297     37069944 
   14.300     0.000014022     0.001011     0.001005     37158590 
   14.400     0.000010476     0.000756     0.000751     37105227 
   14.500    -0.000000594    -0.000043    -0.000043     36894927 
   14.600    -0.000002472    -0.000178    -0.000178     36845576 
   14.700     0.000015048     0.001085     0.001083     36872171 
   14.800     0.000012239     0.000878     0.000877     36813472 
   14.900     0.000005095     0.000366     0.000365     36855266 
   15.000     0.000005983     0.000430     0.000429     36783530 
   15.100     0.000000672     0.000049     0.000048     36835096 
   15.200     0.000009273     0.000668     0.000666     36845414 
   15.300     0.000010271     0.000743     0.000741     37043143 
   15.400     0.000007456     0.000537     0.000535     36983851 
   15.500     0.000014805     0.001065     0.001060     36903000 
   15.600     0.000022727     0.001638     0.001630     36990914 
   15.700     0.000006133     0.000441     0.000439     36677871 
   15.800     0.000006065     0.000437     0.000435     36764985 
   15.900     0.000018725     0.001349     0.001345     36967902 
   16.000     0.000016134     0.001163     0.001157     36811858 
   16.100     0.000010635     0.000763     0.000765     37157385 
   16.200     0.000009734     0.000702     0.000703     36918691 
   16.300     0.000010082     0.000726     0.000726     36731857 
   16.400     0.000013263     0.000953     0.000952     37022780 
   16.500     0.000000180     0.000013     0.000013     37018537 
   16.600     0.000004795     0.000344     0.000344     36863935 
   16.700    -0.000005285    -0.000380    -0.000379     36787792 
   16.800    -0.000002022    -0.000146    -0.000145     37004390 
   16.900     0.000008379     0.000602     0.000600     36679492 
   17.000     0.000000137     0.000010     0.000010     36857575 
   17.100     0.000002501     0.000180     0.000179     37433821 
   17.200     0.000005233     0.000376     0.000375     37020288 
   17.300     0.000014314     0.001032     0.001027     36913230 
   17.400     0.000011814     0.000847     0.000847     36637031 
   17.500     0.000009609     0.000692     0.000691     36621938 
   17.600    -0.000005075    -0.000367    -0.000367     36441312 
   17.700     0.000008574     0.000615     0.000615     36733545 
   17.800     0.000019093     0.001375     0.001377     36840318 
   17.900     0.000017461     0.001261     0.001261     36947324 
   18.000     0.000007591     0.000545     0.000545     36648096 
   18.100     0.000001462     0.000105     0.000105     36570093 
   18.200     0.000002504     0.000180     0.000180     36845215 
   18.300     0.000016761     0.001208     0.001206     36861888 
   18.400     0.000013599     0.000983     0.000983     36733169 
   18.500    -0.000009615    -0.000695    -0.000693     36653477 
   18.600     0.000001701     0.000122     0.000122     36487293 
   18.700     0.000014765     0.001068     0.001066     36727913 
   18.800     0.000004170     0.000301     0.000300     36797381 
   18.900     0.000011924     0.000859     0.000856     36588892 
   19.000     0.000015233     0.001102     0.001095     36531010 
   19.100     0.000009072     0.000655     0.000652     36522740 
   19.200     0.000017160     0.001235     0.001227     36454636 
   19.300     0.000013313     0.000965     0.000959     36470466 
   19.400     0.000008267     0.000595     0.000594     36689143 
   19.500     0.000000763     0.000055     0.000055     36675281 
   19.600     0.000002876     0.000205     0.000206     36204253 
   19.700     0.000011684     0.000839     0.000838     36611188 
   19.800     0.000015916     0.001153     0.001148     36687238 
   19.900     0.000009363     0.000672     0.000669     36474521 
   20.000     0.000004485     0.000322     0.000321     36310437 
   20.100    -0.000005168    -0.000373    -0.000370     36384154 
   20.200    -0.000001085    -0.000078    -0.000077     36211275 
   20.300     0.000000957     0.000069     0.000069     36539809 
   20.400     0.000002144     0.000155     0.000154     36395702 
   20.500     0.000009690     0.000693     0.000692     36483297 
   20.600    -0.000004229    -0.000305    -0.000304     36491943 
   20.700     0.000012334     0.000889     0.000887     36302028 
   20.800     0.000002726     0.000197     0.000196     36092573 
   20.900     0.000007996     0.000576     0.000573     36240311 
   21.000     0.000002625     0.000189     0.000189     36144961 
   21.100     0.000003958     0.000287     0.000285     35865974 
   21.200     0.000011916     0.000860     0.000857     36235080 
   21.300     0.000004974     0.000356     0.000356     35912825 
   21.400     0.000006484     0.000466     0.000466     36115044 
   21.500    -0.000005739    -0.000413    -0.000413     36267615 
   21.600     0.000004738     0.000340     0.000341     36029515 
   21.700     0.000005372     0.000385     0.000384     35930410 
   21.800     0.000011700     0.000840     0.000840     36113138 
   21.900     0.000015250     0.001095     0.001095     35923674 
   22.000     0.000010409     0.000748     0.000747     35794747 
   22.100     0.000010622     0.000757     0.000758     35563038 
   22.200     0.000003271     0.000234     0.000234     35770004 
   22.300     0.000005034     0.000360     0.000360     35925414 
   22.400     0.000000976     0.000071     0.000070     36074922 
   22.500     0.000018366     0.001313     0.001308     35845519 
   22.600     0.000008591     0.000618     0.000614     35872057 
   22.700     0.000009065     0.000650     0.000648     36057992 
   22.800     0.000008602     0.000617     0.000616     36143665 
   22.900     0.000005597     0.000399     0.000400     35769057 
   23.000     0.000013803     0.000991     0.000991     35962186 
   23.100     0.000019431     0.001396     0.001392     35850802 
   23.200     0.000008845     0.000636     0.000634     35872997 
   23.300    -0.000011589    -0.000832    -0.000832     35856646 
   23.400     0.000009734     0.000698     0.000697     36023258 
   23.500     0.000009135     0.000657     0.000656     35973370 
   23.600     0.000000697     0.000050     0.000050     35879990 
   23.700     0.000008193     0.000587     0.000587     35659791 
   23.800     0.000015963     0.001151     0.001146     35596171 
   23.900    -0.000004193    -0.000301    -0.000300     35552468 
   24.000     0.000010996     0.000788     0.000786     35520871 
   24.100     0.000008664     0.000620     0.000621     35585854 
   24.200     0.000008961     0.000640     0.000642     35514619 
   24.300     0.000010649     0.000763     0.000758     35494787 
   24.400     0.000015155     0.001091     0.001086     35813808 
   24.500     0.000018974     0.001366     0.001360     35708863 
   24.600     0.000019799     0.001426     0.001421     35835580 
   24.700     0.000000600     0.000043     0.000043     35703792 
   24.800     0.000013825     0.000997     0.000989     35572743 
   24.900     0.000018143     0.001307     0.001304     35474064 
   25.000    -0.000003291    -0.000238    -0.000238     35492944 
   25.100    -0.000002520    -0.000181    -0.000181     35548655 
   25.200     0.000005953     0.000431     0.000429     35520655 
   25.300     0.000016765     0.001201     0.001201     35579434 
   25.400     0.000002784     0.000200     0.000200     35515945 
   25.500     0.000007967     0.000573     0.000571     35335993 
   25.600     0.000005372     0.000385     0.000383     35230770 
   25.700     0.000006766     0.000490     0.000487     35091153 
   25.800     0.000002323     0.000167     0.000166     35377158 
   25.900     0.000023564     0.001701     0.001689     35095692 
   26.000     0.000006929     0.000499     0.000496     35153086 
   26.100     0.000004160     0.000300     0.000299     35057456 
   26.200     0.000010600     0.000762     0.000759     35112973 
   26.300     0.000006929     0.000498     0.000496     34876854 
   26.400     0.000012637     0.000909     0.000907     35003133 
   26.500     0.000001786     0.000128     0.000128     35143834 
   26.600    -0.000001958    -0.000141    -0.000141     35020910 
   26.700    -0.000002811    -0.000202    -0.000201     34919111 
   26.800    -0.000007549    -0.000540    -0.000538     34620574 
   26.900    -0.000007693    -0.000553    -0.000551     34765318 
   27.000     0.000000416     0.000030     0.000030     34710171 
   27.100    -0.000005309    -0.000382    -0.000380     34399466 
   27.200     0.000005009     0.000363     0.000360     34709189 
   27.300     0.000009135     0.000659     0.000654     34510082 
   27.400     0.000011087     0.000794     0.000791     34651395 
   27.500     0.000000510     0.000037     0.000036     34536873 
   27.600    -0.000001294    -0.000092    -0.000092     34431443 
   27.700     0.000012254     0.000879     0.000880     34595494 
   27.800     0.000006699     0.000480     0.000478     34628521 
   27.900     0.000004293     0.000305     0.000305     34770141 
   28.000     0.000000922     0.000066     0.000066     34613171 
   28.100     0.000005800     0.000413     0.000413     34422393 
   28.200     0.000016441     0.001178     0.001175     34552044 
   28.300    -0.000003729    -0.000266    -0.000264     34521079 
   28.400     0.000024043     0.001710     0.001705     34368793 
   28.500     0.000010702     0.000763     0.000761     34167904 
   28.600     0.000001635     0.000117     0.000117     34310804 
   28.700     0.000011170     0.000797     0.000799     34338666 
   28.800     0.000011591     0.000830     0.000827     34754095 
   28.900     0.000004733     0.000337     0.000338     34625608 
   29.000     0.000025822     0.001839     0.001836     34457598 
   29.100     0.000012798     0.000911     0.000912     34356422 
   29.200     0.000009407     0.000670     0.000668     34176421 
   29.300     0.000008008     0.000573     0.000569     34060788 
   29.400     0.000001223     0.000088     0.000087     34576833 
   29.500     0.000020364     0.001462     0.001452     34324513 
   29.600    -0.000000479    -0.000035    -0.000034     34276099 
   29.700     0.000000062     0.000004     0.000004     34104261 
   29.800    -0.000001296    -0.000093    -0.000093     34083581 
   29.900     0.000012254     0.000878     0.000876     33881293 
   30.000     0.000007326     0.000527     0.000526     34102613 
   30.100    -0.000000874    -0.000063    -0.000063     34051561 
   30.200     0.000003435     0.000246     0.000245     34144690 
   30.300    -0.000002168    -0.000157    -0.000155     34594028 
   30.400     0.000008951     0.000643     0.000641     34250503 
   30.500     0.000006411     0.000458     0.000457     34028331 
   30.600     0.000011789     0.000847     0.000844     34192350 
   30.700     0.000000075     0.000005     0.000005     34298875 
   30.800     0.000007895     0.000568     0.000564     34004678 
   30.900    -0.000004695    -0.000338    -0.000336     33964334 
   31.000     0.000018225     0.001316     0.001301     34054646 
   31.100     0.000001531     0.000110     0.000110     33940855 
   31.200     0.000008365     0.000605     0.000602     34214495 
   31.300     0.000005152     0.000372     0.000370     33881064 
   31.400    -0.000001414    -0.000102    -0.000102     33971571 
   31.500    -0.000002927    -0.000210    -0.000210     33775446 
   31.600    -0.000008739    -0.000627    -0.000627     33854502 
   31.700     0.000000573     0.000041     0.000041     33600672 
   31.800     0.000002699     0.000194     0.000193     33500645 
   31.900     0.000003280     0.000235     0.000235     33624825 
   32.000     0.000000755     0.000054     0.000054     34066153 
   32.100     0.000003429     0.000246     0.000246     34110070 
   32.200    -0.000011329    -0.000815    -0.000812     33996750 
   32.300     0.000003524     0.000253     0.000252     33808467 
   32.400    -0.000001260    -0.000091    -0.000090     33814121 
   32.500     0.000009315     0.000671     0.000667     33746937 
   32.600    -0.000013517    -0.000970    -0.000967     33533861 
   32.700    -0.000008852    -0.000636    -0.000633     33545653 
   32.800    -0.000008267    -0.000593    -0.000591     33644033 
   32.900    -0.000007731    -0.000555    -0.000553     33596636 
   33.000    -0.000002755    -0.000198    -0.000197     33451141 
   33.100     0.000002386     0.000172     0.000171     33215237 
   33.200     0.000000055     0.000004     0.000004     33238963 
   33.300     0.000005814     0.000420     0.000416     33067165 
   33.400     0.000010091     0.000729     0.000723     33099414 
   33.500    -0.000002309    -0.000166    -0.000165     33088472 
   33.600    -0.000001249    -0.000090    -0.000089     33226467 
   33.700     0.000002225     0.000160     0.000158     33153360 
   33.800     0.000005497     0.000394     0.000392     33237564 
   33.900     0.000009837     0.000703     0.000699     33229129 
   34.000     0.000017503     0.001254     0.001251     33094317 
   34.100    -0.000007254    -0.000518    -0.000516     32981221 
   34.200     0.000000614     0.000044     0.000044     33035123 
   34.300    -0.000000073    -0.000005    -0.000005     33118738 
   34.400     0.000005759     0.000414     0.000414     33122832 
   34.500     0.000005354     0.000385     0.000385     32948787 
   34.600    -0.000005795    -0.000416    -0.000414     32690923 
   34.700     0.000004256     0.000305     0.000304     32920940 
   34.800    -0.000000113    -0.000008    -0.000008     32786163 
   34.900    -0.000015147    -0.001084    -0.001080     32970883 
   35.000     0.000010175     0.000735     0.000730     32729107 
   35.100     0.000004533     0.000326     0.000325     32945378 
   35.200     0.000008062     0.000581     0.000578     32755653 
   35.300     0.000011975     0.000858     0.000858     32575373 
   35.400    -0.000000866    -0.000062    -0.000062     32552143 
   35.500     0.000013067     0.000942     0.000936     32809209 
   35.600    -0.000007182    -0.000516    -0.000514     32783511 
   35.700     0.000004692     0.000336     0.000337     32676584 
   35.800     0.000016486     0.001179     0.001175     32412023 
   35.900     0.000012049     0.000864     0.000862     32815374 
   36.000     0.000015888     0.001140     0.001136     32871913 
   36.100     0.000017347     0.001242     0.001235     32712278 
   36.200    -0.000001713    -0.000123    -0.000123     32841813 
   36.300    -0.000001395    -0.000100    -0.000100     32630170 
   36.400    -0.000005771    -0.000414    -0.000414     32321289 
   36.500     0.000006086     0.000436     0.000435     32382463 
   36.600     0.000009233     0.000667     0.000662     32138739 
   36.700     0.000000191     0.000014     0.000014     32174978 
   36.800     0.000002385     0.000171     0.000171     32393525 
   36.900    -0.000001516    -0.000109    -0.000108     32444493 
   37.000     0.000012895     0.000926     0.000923     32216154 
   37.100     0.000000212     0.000015     0.000015     32078153 
   37.200     0.000011130     0.000803     0.000803     32095299 
   37.300     0.000014396     0.001039     0.001037     32144268 
   37.400     0.000001725     0.000124     0.000124     32343699 
   37.500    -0.000001695    -0.000121    -0.000121     32037258 
   37.600     0.000000973     0.000070     0.000070     32041766 
   37.700     0.000009249     0.000671     0.000665     32417155 
   37.800     0.000007975     0.000573     0.000569     32230593 
   37.900    -0.000004346    -0.000310    -0.000309     32513455 
   38.000     0.000013361     0.000956     0.000952     32233769 
   38.100    -0.000003079    -0.000220    -0.000220     32256482 
   38.200    -0.000007627    -0.000547    -0.000546     32470473 
   38.300    -0.000007043    -0.000504    -0.000502     31983297 
   38.400     0.000012449     0.000892     0.000889     31881284 
   38.500     0.000015902     0.001146     0.001143     32180158 
   38.600     0.000004802     0.000344     0.000344     32405217 
   38.700     0.000004334     0.000310     0.000309     32238100 
   38.800     0.000008269     0.000590     0.000589     32081649 
   38.900     0.000001717     0.000123     0.000123     32225040 
   39.000    -0.000005777    -0.000412    -0.000411     32227406 
   39.100     0.000002931     0.000210     0.000209     32134761 
   39.200     0.000009323     0.000670     0.000666     32308792 
   39.300     0.000010394     0.000743     0.000740     32183065 
   39.400    -0.000001640    -0.000117    -0.000117     32161137 
   39.500     0.000002556     0.000183     0.000182     32084600 
   39.600     0.000004887     0.000352     0.000350     32200260 
   39.700     0.000009372     0.000668     0.000668     32105535 
   39.800     0.000021897     0.001577     0.001569     31860126 
   39.900     0.000011760     0.000842     0.000840     31819937 
   40.000     0.000010768     0.000767     0.000766     31589146 
   40.100     0.000000909     0.000065     0.000065     31621636 
   40.200    -0.000000507    -0.000037    -0.000036     31677411 
   40.300     0.000003787     0.000272     0.000271     31821431 
   40.400     0.000028174     0.002002     0.002005     31945501 
   40.500     0.000012667     0.000907     0.000900     31756012 
   40.600     0.000017357     0.001250     0.001235     31597464 
   40.700     0.000003231     0.000234     0.000231     31606485 
   40.800    -0.000008503    -0.000611    -0.000609     31711645 
   40.900     0.000004975     0.000356     0.000355     31458243 
   41.000     0.000010356     0.000740     0.000736     31409343 
   41.100    -0.000011020    -0.000794    -0.000789     31345272 
   41.200    -0.000002510    -0.000181    -0.000179     31616198 
   41.300     0.000008745     0.000625     0.000623     31564915 
   41.400    -0.000007441    -0.000536    -0.000534     31404154 
   41.500     0.000003317     0.000240     0.000237     31361958 
   41.600     0.000008466     0.000608     0.000606     31638577 
   41.700    -0.000005647    -0.000403    -0.000402     31590759 
   41.800     0.000008609     0.000616     0.000613     31651718 
   41.900     0.000009433     0.000678     0.000677     31407193 
   42.000     0.000004833     0.000352     0.000348     31222800 
   42.100    -0.000006393    -0.000460    -0.000458     31272672 
   42.200    -0.000009281    -0.000670    -0.000667     30892055 
   42.300    -0.000005188    -0.000373    -0.000371     31113458 
   42.400     0.000009614     0.000691     0.000688     31275554 
   42.500     0.000008500     0.000611     0.000609     31481535 
   42.600    -0.000000599    -0.000044    -0.000043     31162243 
   42.700     0.000013132     0.000952     0.000943     31179636 
   42.800    -0.000010507    -0.000759    -0.000752     31243010 
   42.900     0.000001088     0.000078     0.000078     30971641 
   43.000     0.000005603     0.000405     0.000403     31214738 
   43.100     0.000002383     0.000173     0.000172     30935642 
   43.200     0.000018647     0.001336     0.001329     30735179 
   43.300     0.000013917     0.001013     0.001004     30685782 
   43.400     0.000004704     0.000340     0.000338     30863228 
   43.500     0.000004967     0.000360     0.000357     30868889 
   43.600    -0.000001611    -0.000116    -0.000115     30702788 
   43.700     0.000003248     0.000234     0.000233     30760383 
   43.800     0.000002581     0.000187     0.000185     30719468 
   43.900    -0.000010192    -0.000738    -0.000730     30771541 
   44.000    -0.000000228    -0.000016    -0.000016     30643559 
   44.100     0.000000754     0.000054     0.000054     30707595 
   44.200    -0.000000421    -0.000030    -0.000030     30379991 
   44.300    -0.000007610    -0.000550    -0.000545     30689198 
   44.400    -0.000000554    -0.000040    -0.000040     30636079 
   44.500    -0.000003064    -0.000223    -0.000221     30211754 
   44.600    -0.000004404    -0.000318    -0.000315     30241061 
   44.700    -0.000007269    -0.000523    -0.000517     30298786 
   44.800    -0.000009049    -0.000654    -0.000649     30375099 
   44.900    -0.000008928    -0.000640    -0.000636     30222048 
   45.000    -0.000002856    -0.000203    -0.000203     30184191 
   45.100    -0.000011577    -0.000830    -0.000827     30321239 
   45.200     0.000003843     0.000275     0.000274     30105534 
   45.300     0.000009608     0.000695     0.000686     30032624 
   45.400    -0.000012228    -0.000889    -0.000879     29937961 
   45.500     0.000001311     0.000095     0.000094     30041232 
   45.600    -0.000007544    -0.000542    -0.000538     29892887 
   45.700    -0.000015470    -0.001119    -0.001110     29799865 
   45.800    -0.000017793    -0.001284    -0.001275     29766567 
   45.900    -0.000016344    -0.001175    -0.001166     30266042 
   46.000    -0.000009085    -0.000657    -0.000651     29929774 
   46.100     0.000006757     0.000487     0.000484     30034597 
   46.200     0.000007632     0.000551     0.000546     29720042 
   46.300     0.000002480     0.000178     0.000178     29813141 
   46.400    -0.000005250    -0.000378    -0.000376     29908048 
   46.500    -0.000000988    -0.000070    -0.000071     29879241 
   46.600    -0.000004660    -0.000333    -0.000333     29713781 
   46.700     0.000003987     0.000284     0.000285     29860387 
   46.800    -0.000011740    -0.000848    -0.000844     29857909 
   46.900     0.000005570     0.000402     0.000398     29618524 
   47.000    -0.000009614    -0.000695    -0.000688     29560803 
   47.100     0.000002145     0.000154     0.000153     29631077 
   47.200    -0.000005494    -0.000397    -0.000394     29501192 
   47.300     0.000000788     0.000057     0.000056     29251570 
   47.400     0.000002545     0.000182     0.000182     29403501 
   47.500    -0.000003611    -0.000258    -0.000258     29373511 
   47.600    -0.000000887    -0.000064    -0.000064     29283335 
   47.700    -0.000005380    -0.000386    -0.000385     29422673 
   47.800    -0.000001215    -0.000087    -0.000087     29534394 
   47.900     0.000006350     0.000460     0.000456     29068782 
   48.000    -0.000003604    -0.000260    -0.000257     29197317 
   48.100     0.000010482     0.000755     0.000749     29296925 
   48.200     0.000006845     0.000496     0.000492     29142332 
   48.300     0.000005288     0.000376     0.000376     29226435 
   48.400    -0.000005713    -0.000409    -0.000407     28961372 
   48.500     0.000008602     0.000617     0.000617     29058980 
   48.600     0.000001999     0.000145     0.000144     29138187 
   48.700     0.000004433     0.000320     0.000318     28941933 
   48.800    -0.000006471    -0.000466    -0.000463     28900345 
   48.900     0.000004711     0.000340     0.000336     28959193 
   49.000    -0.000000578    -0.000042    -0.000041     29058790 
   49.100    -0.000004265    -0.000308    -0.000306     28752437 
   49.200     0.000002511     0.000180     0.000180     28751370 
   49.300     0.000006899     0.000497     0.000496     28516312 
   49.400    -0.000004497    -0.000325    -0.000323     28660880 
   49.500    -0.000004652    -0.000335    -0.000333     28760611 
   49.600    -0.000013827    -0.000990    -0.000987     29195144 
   49.700     0.000002264     0.000163     0.000163     29212179 
   49.800     0.000000661     0.000048     0.000048     28758480 
   49.900    -0.000003450    -0.000248    -0.000247     28593925 
   50.000     0.000005502     0.000399     0.000397     28547857 
